Looking at /bio_data/ftp.ncbi.nih.gov-genomes/21July05/FUNGI/Candida_glabrata_CBS138
CDS
	126
	132
	159
	159
	159
	165
	168
	171
	174
	174
	174
	177
	180
	180
	183
	183
	183
	186
	186
	189
	192
	192
	198
	198
	201
	201
	201
	201
	201
	201
	201
	204
	204
	204
	207
	207
	210
	210
	210
	213
	213
	213
	213
	222
	222
	222
	222
	225
	225
	225
	228
	231
	231
	231
	231
	231
	234
	237
	237
	237
	237
	237
	240
	240
	240
	240
	243
	243
	246
	249
	249
	249
	249
	252
	252
	252
	255
	255
	255
	258
	258
	258
	258
	258
	258
	261
	261
	261
	261
	261
	261
	261
	264
	264
	264
	264
	267
	267
	267
	267
	267
	267
	267
	267
	270
	270
	270
	273
	273
	273
	273
	273
	273
	273
	275
	276
	276
	276
	276
	276
	276
	279
	279
	279
	279
	282
	282
	282
	282
	285
	285
	285
	288
	288
	288
	288
	291
	291
	291
	291
	294
	294
	297
	297
	297
	297
	297
	300
	300
	300
	300
	300
	303
	303
	303
	303
	303
	303
	306
	306
	306
	306
	306
	309
	312
	312
	312
	312
	312
	312
	312
	312
	312
	312
	312
	315
	315
	315
	315
	315
	315
	318
	318
	318
	318
	318
	318
	318
	321
	321
	321
	321
	321
	321
	321
	321
	321
	324
	324
	324
	324
	324
	324
	324
	324
	324
	324
	327
	327
	327
	327
	327
	327
	327
	327
	327
	327
	330
	330
	330
	330
	330
	330
	330
	333
	333
	333
	333
	336
	336
	336
	336
	336
	336
	336
	339
	339
	339
	339
	339
	339
	339
	339
	342
	342
	342
	342
	345
	345
	345
	345
	345
	345
	345
	348
	348
	348
	348
	348
	348
	351
	351
	351
	351
	351
	351
	351
	354
	354
	354
	354
	357
	357
	357
	357
	357
	357
	357
	357
	360
	360
	360
	360
	360
	363
	363
	363
	363
	366
	366
	366
	366
	369
	369
	372
	372
	372
	372
	372
	372
	375
	375
	375
	375
	375
	375
	375
	378
	378
	378
	378
	378
	378
	378
	378
	379
	381
	381
	381
	381
	381
	381
	384
	384
	384
	384
	384
	384
	384
	387
	387
	387
	387
	387
	390
	390
	390
	390
	390
	390
	390
	390
	390
	390
	393
	393
	393
	393
	393
	396
	396
	396
	396
	396
	396
	396
	399
	399
	399
	402
	402
	402
	402
	405
	405
	405
	405
	405
	405
	408
	408
	408
	408
	408
	408
	408
	411
	411
	411
	411
	411
	411
	411
	414
	414
	414
	414
	414
	417
	417
	417
	417
	417
	417
	417
	420
	420
	420
	423
	423
	423
	423
	423
	423
	423
	425
	426
	426
	426
	426
	426
	429
	429
	429
	429
	429
	429
	429
	432
	432
	432
	432
	432
	432
	432
	435
	435
	435
	435
	435
	435
	435
	435
	435
	438
	438
	441
	441
	441
	441
	441
	441
	441
	441
	441
	444
	444
	444
	444
	444
	444
	444
	444
	444
	444
	444
	447
	447
	447
	447
	447
	447
	447
	450
	450
	450
	450
	450
	450
	450
	450
	450
	450
	450
	450
	453
	453
	453
	453
	456
	456
	456
	456
	459
	459
	459
	459
	459
	459
	459
	459
	459
	459
	462
	462
	462
	462
	462
	462
	462
	462
	462
	462
	463
	465
	465
	465
	465
	465
	465
	465
	465
	465
	465
	465
	465
	465
	465
	468
	468
	468
	468
	468
	471
	471
	471
	471
	471
	471
	471
	474
	474
	474
	474
	474
	474
	474
	477
	477
	477
	477
	479
	480
	480
	480
	480
	480
	480
	480
	481
	482
	483
	483
	483
	483
	483
	483
	483
	483
	485
	486
	486
	486
	486
	486
	486
	486
	489
	489
	489
	489
	489
	489
	489
	489
	489
	492
	492
	492
	492
	495
	495
	495
	495
	495
	495
	498
	498
	498
	498
	498
	498
	498
	498
	498
	501
	501
	504
	504
	504
	504
	504
	504
	504
	507
	507
	507
	510
	510
	510
	513
	513
	513
	516
	516
	516
	516
	519
	519
	519
	519
	519
	519
	519
	521
	522
	522
	522
	522
	522
	522
	523
	525
	525
	525
	528
	528
	528
	528
	528
	528
	528
	528
	530
	531
	531
	531
	531
	531
	531
	531
	534
	534
	534
	534
	534
	534
	534
	534
	537
	537
	540
	540
	540
	540
	543
	543
	543
	543
	544
	546
	546
	546
	546
	546
	546
	546
	546
	546
	549
	549
	549
	549
	552
	552
	552
	552
	552
	552
	552
	552
	555
	555
	555
	555
	555
	555
	555
	555
	558
	558
	558
	558
	558
	558
	558
	558
	558
	558
	558
	561
	561
	561
	561
	561
	561
	564
	564
	564
	564
	564
	564
	567
	570
	570
	570
	570
	570
	570
	570
	573
	573
	573
	573
	573
	573
	573
	573
	573
	576
	576
	576
	576
	576
	576
	576
	576
	576
	576
	576
	579
	579
	579
	582
	582
	582
	582
	582
	582
	582
	582
	585
	585
	585
	585
	585
	587
	588
	588
	588
	588
	588
	591
	591
	591
	591
	591
	591
	591
	594
	594
	594
	594
	594
	594
	594
	597
	597
	597
	597
	597
	597
	597
	597
	597
	599
	600
	600
	600
	600
	603
	603
	603
	603
	603
	606
	606
	606
	606
	606
	606
	606
	609
	609
	609
	609
	609
	609
	609
	612
	612
	612
	612
	612
	612
	612
	612
	612
	612
	615
	615
	615
	615
	615
	615
	615
	615
	618
	618
	618
	618
	618
	618
	618
	618
	618
	618
	618
	618
	620
	621
	621
	621
	621
	624
	624
	624
	624
	624
	624
	624
	624
	624
	624
	624
	624
	627
	627
	627
	627
	627
	627
	627
	627
	629
	630
	630
	630
	630
	630
	630
	630
	630
	633
	633
	633
	633
	633
	633
	633
	633
	633
	633
	633
	633
	633
	633
	633
	633
	636
	636
	636
	636
	636
	636
	636
	636
	636
	636
	636
	637
	639
	639
	639
	639
	639
	639
	639
	639
	639
	639
	639
	639
	639
	642
	642
	642
	642
	642
	642
	642
	642
	642
	645
	645
	645
	645
	645
	648
	648
	648
	648
	648
	648
	648
	648
	648
	648
	648
	648
	648
	648
	648
	648
	651
	651
	651
	651
	651
	651
	651
	651
	651
	651
	654
	654
	654
	654
	654
	654
	654
	654
	654
	654
	654
	654
	654
	657
	657
	657
	657
	657
	657
	657
	657
	657
	657
	657
	660
	660
	660
	660
	660
	660
	660
	660
	663
	663
	663
	666
	666
	666
	666
	666
	666
	666
	666
	668
	669
	669
	669
	669
	669
	669
	669
	669
	669
	672
	672
	672
	672
	672
	672
	672
	672
	672
	672
	672
	675
	675
	675
	675
	675
	675
	678
	678
	678
	678
	678
	678
	678
	681
	681
	681
	681
	681
	681
	681
	681
	681
	684
	684
	684
	684
	684
	684
	687
	687
	687
	687
	687
	687
	687
	690
	690
	690
	690
	690
	690
	690
	693
	693
	693
	693
	693
	693
	693
	693
	693
	693
	693
	693
	693
	693
	693
	693
	696
	696
	696
	696
	696
	696
	699
	699
	699
	699
	699
	699
	702
	702
	702
	702
	702
	702
	702
	702
	702
	702
	702
	702
	702
	702
	702
	705
	705
	705
	705
	705
	705
	705
	705
	705
	705
	706
	708
	708
	708
	708
	708
	708
	708
	708
	711
	711
	711
	711
	711
	711
	711
	711
	714
	714
	714
	714
	717
	717
	717
	717
	717
	717
	720
	720
	720
	720
	723
	723
	723
	723
	723
	723
	723
	723
	726
	726
	726
	726
	726
	726
	726
	726
	726
	726
	729
	729
	729
	729
	729
	729
	729
	729
	729
	732
	732
	732
	732
	735
	735
	735
	735
	735
	735
	735
	738
	738
	738
	738
	738
	741
	741
	741
	741
	741
	741
	741
	741
	741
	741
	741
	744
	744
	744
	744
	744
	744
	744
	744
	746
	747
	747
	747
	747
	747
	747
	747
	747
	747
	747
	747
	750
	750
	750
	750
	750
	750
	750
	750
	750
	750
	753
	753
	753
	753
	753
	753
	755
	756
	756
	756
	756
	756
	756
	756
	756
	759
	759
	759
	759
	759
	759
	762
	762
	762
	762
	762
	762
	762
	762
	762
	765
	765
	765
	765
	765
	768
	768
	768
	768
	768
	768
	768
	768
	771
	771
	771
	771
	771
	774
	774
	774
	774
	774
	777
	777
	777
	777
	777
	777
	777
	777
	777
	780
	780
	780
	780
	780
	780
	780
	780
	780
	780
	780
	783
	783
	783
	783
	783
	783
	783
	783
	783
	783
	783
	783
	786
	786
	786
	786
	786
	786
	786
	786
	786
	789
	789
	789
	789
	789
	789
	789
	792
	792
	792
	792
	792
	792
	792
	792
	792
	792
	795
	795
	795
	795
	795
	795
	795
	798
	798
	798
	798
	798
	798
	798
	798
	798
	798
	798
	798
	798
	798
	798
	798
	799
	801
	801
	801
	801
	801
	801
	801
	801
	802
	804
	804
	804
	804
	804
	804
	804
	804
	804
	806
	807
	807
	807
	807
	807
	810
	810
	810
	810
	810
	810
	811
	812
	813
	813
	813
	813
	813
	813
	813
	816
	816
	816
	816
	816
	816
	816
	816
	819
	819
	819
	819
	819
	819
	822
	822
	822
	822
	822
	822
	825
	825
	825
	825
	825
	825
	825
	825
	825
	825
	825
	828
	828
	828
	828
	828
	828
	828
	828
	831
	831
	831
	831
	831
	831
	831
	834
	834
	834
	834
	837
	837
	837
	837
	837
	837
	837
	837
	837
	837
	837
	837
	838
	840
	840
	840
	840
	840
	840
	840
	840
	843
	843
	843
	843
	843
	843
	843
	843
	845
	846
	846
	846
	846
	849
	849
	849
	849
	849
	849
	849
	849
	849
	849
	849
	849
	852
	852
	852
	852
	852
	852
	854
	855
	855
	855
	855
	855
	858
	858
	858
	858
	858
	858
	858
	858
	858
	861
	861
	861
	861
	864
	864
	864
	864
	864
	867
	867
	867
	867
	867
	867
	867
	867
	867
	867
	867
	870
	870
	870
	870
	873
	873
	873
	873
	873
	873
	873
	873
	873
	873
	873
	873
	876
	876
	876
	876
	876
	879
	879
	882
	882
	882
	882
	882
	882
	882
	882
	882
	882
	885
	885
	885
	885
	885
	885
	885
	885
	885
	885
	885
	885
	885
	885
	885
	885
	888
	888
	888
	888
	888
	888
	888
	888
	888
	888
	888
	891
	891
	891
	891
	891
	891
	894
	894
	894
	894
	894
	894
	894
	894
	894
	894
	894
	894
	897
	897
	897
	897
	897
	897
	897
	897
	897
	897
	900
	900
	900
	900
	900
	900
	903
	903
	903
	903
	903
	903
	903
	903
	906
	906
	906
	906
	906
	906
	908
	909
	909
	909
	909
	912
	912
	912
	912
	912
	912
	912
	915
	915
	915
	915
	915
	915
	915
	918
	918
	918
	918
	918
	918
	918
	921
	921
	921
	921
	921
	921
	921
	921
	921
	921
	924
	924
	924
	924
	924
	924
	924
	924
	924
	924
	924
	927
	927
	927
	927
	927
	927
	928
	929
	930
	930
	930
	930
	930
	930
	930
	930
	930
	930
	930
	930
	930
	930
	930
	932
	933
	933
	933
	933
	933
	933
	933
	933
	933
	933
	933
	936
	936
	936
	936
	936
	936
	936
	938
	939
	939
	939
	939
	939
	939
	939
	939
	939
	939
	939
	942
	942
	942
	942
	942
	942
	942
	942
	942
	945
	945
	945
	945
	945
	945
	945
	945
	945
	945
	945
	945
	948
	948
	948
	948
	948
	948
	948
	948
	948
	948
	948
	948
	948
	948
	951
	951
	951
	951
	951
	951
	951
	951
	951
	951
	951
	954
	954
	954
	954
	954
	954
	954
	954
	954
	957
	957
	957
	957
	957
	957
	957
	957
	957
	957
	957
	957
	960
	960
	960
	960
	960
	960
	960
	960
	960
	960
	960
	960
	960
	962
	963
	963
	963
	963
	963
	963
	963
	964
	966
	966
	966
	966
	969
	969
	969
	969
	969
	969
	969
	972
	972
	972
	972
	972
	972
	972
	972
	972
	972
	972
	972
	972
	972
	972
	972
	972
	975
	975
	975
	975
	975
	975
	976
	978
	978
	978
	978
	978
	978
	978
	978
	978
	978
	978
	981
	981
	981
	981
	981
	981
	981
	981
	984
	984
	984
	984
	984
	984
	984
	984
	984
	984
	984
	987
	987
	987
	987
	987
	987
	990
	990
	990
	990
	990
	990
	990
	990
	990
	993
	993
	993
	993
	993
	993
	996
	996
	996
	996
	996
	999
	999
	999
	999
	999
	999
	999
	999
	999
	999
	1002
	1002
	1002
	1002
	1004
	1005
	1005
	1005
	1005
	1005
	1005
	1005
	1005
	1005
	1005
	1005
	1008
	1008
	1008
	1008
	1008
	1009
	1011
	1011
	1011
	1011
	1011
	1011
	1011
	1011
	1011
	1014
	1014
	1014
	1014
	1014
	1014
	1014
	1014
	1014
	1014
	1014
	1014
	1017
	1017
	1017
	1017
	1017
	1017
	1017
	1017
	1017
	1017
	1020
	1020
	1020
	1020
	1020
	1020
	1020
	1020
	1020
	1020
	1020
	1020
	1020
	1020
	1020
	1023
	1023
	1023
	1023
	1023
	1023
	1023
	1023
	1026
	1026
	1026
	1026
	1026
	1029
	1029
	1029
	1029
	1029
	1029
	1030
	1032
	1032
	1032
	1032
	1032
	1032
	1032
	1032
	1035
	1035
	1035
	1035
	1035
	1035
	1035
	1035
	1035
	1035
	1035
	1038
	1038
	1038
	1038
	1038
	1038
	1039
	1041
	1041
	1041
	1041
	1041
	1041
	1041
	1041
	1041
	1044
	1044
	1044
	1044
	1044
	1044
	1047
	1047
	1047
	1047
	1047
	1047
	1047
	1047
	1050
	1050
	1050
	1050
	1050
	1050
	1050
	1050
	1050
	1050
	1050
	1050
	1050
	1050
	1053
	1053
	1053
	1053
	1053
	1053
	1053
	1056
	1056
	1056
	1056
	1056
	1056
	1056
	1059
	1059
	1059
	1059
	1059
	1059
	1059
	1059
	1062
	1062
	1062
	1062
	1062
	1062
	1062
	1062
	1062
	1062
	1065
	1065
	1065
	1065
	1065
	1065
	1068
	1068
	1068
	1068
	1068
	1068
	1068
	1071
	1071
	1071
	1074
	1074
	1074
	1074
	1074
	1074
	1074
	1074
	1074
	1074
	1077
	1077
	1077
	1077
	1077
	1077
	1077
	1077
	1077
	1077
	1080
	1080
	1080
	1080
	1080
	1080
	1080
	1080
	1080
	1081
	1083
	1083
	1083
	1083
	1083
	1083
	1083
	1083
	1083
	1086
	1086
	1086
	1086
	1086
	1086
	1086
	1086
	1086
	1086
	1086
	1086
	1086
	1089
	1089
	1089
	1089
	1089
	1089
	1089
	1089
	1089
	1089
	1089
	1089
	1089
	1092
	1092
	1092
	1092
	1092
	1092
	1092
	1095
	1095
	1095
	1095
	1095
	1095
	1095
	1095
	1095
	1095
	1095
	1095
	1096
	1098
	1098
	1098
	1101
	1101
	1101
	1101
	1101
	1101
	1101
	1101
	1101
	1101
	1101
	1102
	1104
	1104
	1104
	1104
	1107
	1107
	1107
	1107
	1107
	1107
	1107
	1107
	1107
	1107
	1107
	1107
	1107
	1107
	1107
	1110
	1110
	1110
	1110
	1110
	1110
	1110
	1113
	1113
	1113
	1113
	1113
	1116
	1116
	1116
	1116
	1116
	1116
	1116
	1116
	1116
	1116
	1116
	1116
	1119
	1119
	1119
	1119
	1119
	1119
	1119
	1119
	1119
	1119
	1119
	1122
	1122
	1122
	1122
	1122
	1122
	1122
	1122
	1122
	1122
	1122
	1122
	1125
	1125
	1125
	1125
	1125
	1125
	1125
	1125
	1125
	1128
	1128
	1128
	1128
	1128
	1131
	1131
	1131
	1131
	1131
	1134
	1134
	1134
	1134
	1134
	1134
	1136
	1137
	1137
	1137
	1137
	1137
	1137
	1137
	1137
	1140
	1140
	1140
	1140
	1140
	1140
	1140
	1140
	1140
	1140
	1143
	1143
	1143
	1143
	1143
	1143
	1143
	1143
	1146
	1146
	1146
	1146
	1146
	1146
	1149
	1149
	1149
	1149
	1149
	1149
	1149
	1149
	1149
	1152
	1152
	1152
	1152
	1152
	1152
	1152
	1152
	1152
	1155
	1155
	1155
	1155
	1158
	1158
	1158
	1158
	1158
	1161
	1161
	1161
	1161
	1161
	1161
	1161
	1164
	1164
	1164
	1164
	1164
	1164
	1164
	1164
	1165
	1167
	1167
	1167
	1167
	1167
	1167
	1167
	1167
	1167
	1167
	1167
	1169
	1170
	1170
	1170
	1173
	1173
	1173
	1173
	1176
	1176
	1176
	1176
	1176
	1176
	1176
	1176
	1179
	1179
	1179
	1179
	1179
	1179
	1179
	1179
	1179
	1179
	1179
	1182
	1182
	1182
	1185
	1185
	1185
	1188
	1188
	1188
	1188
	1188
	1188
	1188
	1191
	1191
	1191
	1191
	1191
	1191
	1191
	1194
	1194
	1194
	1194
	1194
	1194
	1197
	1197
	1197
	1197
	1197
	1200
	1200
	1200
	1200
	1200
	1200
	1203
	1203
	1203
	1203
	1203
	1203
	1203
	1203
	1203
	1203
	1203
	1206
	1206
	1209
	1209
	1209
	1209
	1209
	1212
	1212
	1212
	1212
	1212
	1212
	1212
	1212
	1214
	1215
	1215
	1215
	1215
	1215
	1215
	1215
	1218
	1218
	1218
	1218
	1218
	1218
	1218
	1220
	1221
	1221
	1221
	1221
	1221
	1221
	1224
	1224
	1224
	1224
	1224
	1227
	1227
	1227
	1227
	1227
	1227
	1227
	1227
	1227
	1229
	1230
	1230
	1230
	1230
	1230
	1231
	1233
	1233
	1233
	1233
	1233
	1233
	1233
	1233
	1236
	1236
	1236
	1236
	1236
	1236
	1236
	1236
	1236
	1239
	1239
	1239
	1239
	1239
	1239
	1239
	1239
	1239
	1242
	1242
	1245
	1245
	1245
	1248
	1248
	1248
	1248
	1248
	1248
	1248
	1248
	1248
	1251
	1251
	1251
	1251
	1251
	1251
	1251
	1251
	1253
	1254
	1254
	1254
	1254
	1257
	1257
	1257
	1257
	1260
	1260
	1260
	1260
	1260
	1260
	1260
	1260
	1260
	1260
	1263
	1263
	1263
	1263
	1263
	1263
	1263
	1266
	1266
	1266
	1266
	1266
	1266
	1266
	1266
	1269
	1269
	1269
	1269
	1269
	1272
	1272
	1272
	1272
	1272
	1272
	1275
	1275
	1275
	1275
	1275
	1275
	1278
	1278
	1278
	1278
	1278
	1278
	1278
	1278
	1281
	1281
	1284
	1284
	1284
	1284
	1284
	1284
	1284
	1284
	1284
	1284
	1284
	1287
	1287
	1287
	1287
	1287
	1287
	1287
	1290
	1290
	1290
	1290
	1290
	1290
	1290
	1290
	1290
	1290
	1290
	1293
	1293
	1293
	1293
	1293
	1293
	1293
	1293
	1293
	1293
	1293
	1296
	1296
	1296
	1296
	1296
	1296
	1296
	1296
	1296
	1296
	1299
	1299
	1299
	1299
	1299
	1299
	1299
	1299
	1299
	1299
	1299
	1299
	1299
	1302
	1302
	1302
	1302
	1302
	1302
	1302
	1302
	1302
	1302
	1302
	1302
	1302
	1302
	1305
	1305
	1305
	1305
	1308
	1308
	1308
	1308
	1308
	1308
	1310
	1311
	1311
	1311
	1311
	1311
	1314
	1314
	1314
	1314
	1314
	1314
	1314
	1314
	1314
	1314
	1314
	1314
	1314
	1317
	1317
	1317
	1317
	1317
	1317
	1317
	1317
	1317
	1317
	1317
	1317
	1320
	1320
	1320
	1320
	1320
	1320
	1323
	1323
	1323
	1323
	1323
	1326
	1326
	1326
	1326
	1326
	1326
	1326
	1329
	1329
	1329
	1329
	1329
	1329
	1329
	1332
	1332
	1332
	1332
	1332
	1332
	1332
	1332
	1335
	1336
	1338
	1338
	1338
	1338
	1338
	1338
	1338
	1338
	1338
	1338
	1341
	1341
	1341
	1341
	1341
	1341
	1341
	1341
	1341
	1341
	1341
	1341
	1341
	1344
	1344
	1344
	1344
	1344
	1344
	1344
	1344
	1347
	1347
	1347
	1347
	1347
	1347
	1347
	1347
	1347
	1347
	1347
	1350
	1350
	1350
	1350
	1350
	1353
	1353
	1353
	1353
	1353
	1353
	1356
	1356
	1356
	1356
	1356
	1356
	1356
	1356
	1356
	1356
	1356
	1356
	1359
	1359
	1359
	1359
	1359
	1359
	1359
	1359
	1359
	1359
	1359
	1359
	1359
	1359
	1362
	1362
	1362
	1362
	1362
	1362
	1362
	1362
	1362
	1362
	1362
	1362
	1365
	1365
	1365
	1365
	1365
	1365
	1365
	1365
	1368
	1368
	1368
	1371
	1371
	1371
	1371
	1371
	1371
	1374
	1374
	1374
	1374
	1374
	1374
	1374
	1374
	1374
	1376
	1377
	1377
	1377
	1377
	1377
	1380
	1380
	1380
	1380
	1380
	1383
	1383
	1383
	1383
	1383
	1383
	1386
	1386
	1386
	1386
	1386
	1386
	1389
	1389
	1389
	1389
	1389
	1389
	1389
	1389
	1392
	1392
	1392
	1392
	1392
	1392
	1392
	1392
	1395
	1395
	1395
	1395
	1398
	1398
	1398
	1398
	1398
	1401
	1401
	1401
	1401
	1401
	1401
	1401
	1401
	1401
	1404
	1404
	1404
	1404
	1404
	1404
	1404
	1407
	1407
	1407
	1407
	1410
	1410
	1410
	1410
	1410
	1410
	1410
	1410
	1410
	1410
	1410
	1410
	1413
	1413
	1413
	1413
	1416
	1416
	1416
	1416
	1416
	1416
	1416
	1419
	1419
	1419
	1419
	1419
	1422
	1422
	1425
	1425
	1426
	1428
	1428
	1428
	1428
	1428
	1428
	1428
	1431
	1431
	1431
	1431
	1431
	1431
	1431
	1431
	1434
	1434
	1434
	1434
	1434
	1434
	1434
	1437
	1437
	1437
	1437
	1440
	1440
	1440
	1440
	1440
	1440
	1440
	1443
	1443
	1443
	1443
	1443
	1446
	1446
	1446
	1446
	1446
	1446
	1446
	1446
	1449
	1449
	1449
	1449
	1449
	1452
	1452
	1452
	1452
	1452
	1452
	1452
	1452
	1455
	1455
	1455
	1455
	1455
	1455
	1455
	1455
	1455
	1457
	1458
	1458
	1458
	1458
	1458
	1458
	1458
	1458
	1458
	1459
	1461
	1461
	1461
	1461
	1461
	1461
	1461
	1461
	1461
	1464
	1464
	1464
	1464
	1464
	1465
	1467
	1467
	1467
	1467
	1467
	1470
	1470
	1470
	1470
	1470
	1470
	1470
	1473
	1473
	1473
	1473
	1473
	1473
	1476
	1476
	1476
	1476
	1479
	1479
	1482
	1482
	1482
	1482
	1482
	1482
	1485
	1485
	1485
	1488
	1488
	1488
	1488
	1488
	1488
	1488
	1491
	1491
	1494
	1494
	1494
	1494
	1494
	1497
	1497
	1497
	1497
	1497
	1497
	1498
	1500
	1500
	1500
	1500
	1501
	1503
	1503
	1503
	1503
	1504
	1506
	1506
	1506
	1506
	1506
	1506
	1507
	1509
	1509
	1512
	1512
	1512
	1512
	1512
	1515
	1515
	1515
	1515
	1515
	1515
	1515
	1515
	1515
	1518
	1518
	1518
	1518
	1518
	1518
	1518
	1518
	1518
	1521
	1521
	1521
	1521
	1521
	1524
	1524
	1524
	1524
	1524
	1524
	1527
	1527
	1527
	1527
	1527
	1527
	1527
	1527
	1527
	1530
	1530
	1530
	1530
	1530
	1530
	1530
	1530
	1533
	1533
	1533
	1533
	1533
	1533
	1533
	1536
	1536
	1539
	1539
	1539
	1539
	1539
	1542
	1542
	1542
	1542
	1542
	1542
	1542
	1542
	1542
	1545
	1545
	1545
	1545
	1545
	1545
	1548
	1548
	1548
	1548
	1548
	1548
	1551
	1551
	1554
	1554
	1554
	1554
	1554
	1554
	1554
	1554
	1554
	1557
	1557
	1560
	1560
	1560
	1560
	1560
	1560
	1562
	1563
	1563
	1566
	1566
	1566
	1566
	1566
	1566
	1566
	1569
	1569
	1569
	1569
	1569
	1572
	1572
	1572
	1575
	1575
	1575
	1578
	1578
	1578
	1578
	1578
	1578
	1578
	1578
	1581
	1581
	1581
	1581
	1581
	1584
	1584
	1584
	1587
	1587
	1587
	1587
	1587
	1590
	1590
	1590
	1590
	1590
	1590
	1593
	1593
	1593
	1593
	1593
	1593
	1593
	1593
	1596
	1596
	1596
	1596
	1596
	1596
	1596
	1596
	1599
	1599
	1599
	1599
	1599
	1599
	1599
	1599
	1602
	1602
	1602
	1602
	1602
	1602
	1602
	1602
	1602
	1605
	1605
	1605
	1605
	1605
	1605
	1608
	1608
	1608
	1608
	1608
	1608
	1609
	1611
	1611
	1611
	1611
	1611
	1614
	1614
	1614
	1617
	1617
	1617
	1617
	1617
	1617
	1617
	1620
	1620
	1620
	1620
	1620
	1620
	1623
	1623
	1623
	1623
	1623
	1623
	1626
	1626
	1626
	1626
	1626
	1626
	1626
	1629
	1629
	1629
	1629
	1629
	1629
	1632
	1632
	1632
	1632
	1632
	1632
	1632
	1632
	1632
	1632
	1632
	1632
	1632
	1632
	1635
	1635
	1635
	1635
	1638
	1638
	1638
	1638
	1638
	1638
	1638
	1638
	1641
	1641
	1641
	1644
	1644
	1644
	1644
	1644
	1644
	1644
	1644
	1647
	1647
	1647
	1647
	1647
	1647
	1647
	1650
	1650
	1650
	1650
	1650
	1650
	1650
	1650
	1650
	1650
	1650
	1653
	1653
	1653
	1653
	1653
	1656
	1656
	1656
	1656
	1656
	1656
	1659
	1659
	1659
	1662
	1662
	1662
	1662
	1665
	1665
	1665
	1665
	1668
	1668
	1668
	1668
	1668
	1671
	1671
	1671
	1671
	1674
	1674
	1674
	1674
	1674
	1674
	1674
	1677
	1677
	1677
	1680
	1680
	1680
	1680
	1680
	1683
	1686
	1689
	1689
	1692
	1692
	1692
	1692
	1692
	1695
	1695
	1695
	1695
	1695
	1695
	1695
	1695
	1695
	1695
	1695
	1698
	1698
	1698
	1698
	1698
	1698
	1698
	1698
	1698
	1698
	1698
	1698
	1701
	1701
	1701
	1701
	1704
	1704
	1704
	1704
	1704
	1704
	1707
	1707
	1707
	1707
	1707
	1707
	1707
	1710
	1710
	1710
	1710
	1710
	1713
	1713
	1713
	1716
	1716
	1716
	1716
	1719
	1719
	1719
	1722
	1722
	1722
	1722
	1725
	1725
	1725
	1725
	1725
	1725
	1725
	1725
	1728
	1728
	1728
	1728
	1728
	1731
	1734
	1734
	1734
	1734
	1734
	1734
	1737
	1737
	1737
	1737
	1740
	1740
	1740
	1743
	1743
	1743
	1743
	1743
	1743
	1743
	1743
	1746
	1746
	1746
	1749
	1749
	1749
	1749
	1749
	1749
	1749
	1749
	1749
	1752
	1752
	1752
	1752
	1752
	1752
	1752
	1755
	1755
	1755
	1755
	1755
	1755
	1755
	1758
	1758
	1758
	1758
	1758
	1758
	1761
	1761
	1761
	1764
	1764
	1764
	1767
	1767
	1767
	1767
	1767
	1767
	1767
	1770
	1770
	1770
	1770
	1773
	1773
	1773
	1773
	1773
	1776
	1776
	1776
	1776
	1779
	1779
	1779
	1779
	1779
	1779
	1779
	1779
	1779
	1779
	1779
	1779
	1782
	1782
	1782
	1785
	1785
	1785
	1788
	1788
	1788
	1791
	1791
	1791
	1794
	1794
	1794
	1794
	1794
	1794
	1794
	1794
	1794
	1797
	1797
	1797
	1797
	1797
	1797
	1800
	1800
	1800
	1800
	1803
	1803
	1803
	1803
	1803
	1803
	1803
	1806
	1806
	1806
	1809
	1809
	1809
	1809
	1812
	1812
	1812
	1812
	1812
	1812
	1815
	1815
	1815
	1815
	1815
	1815
	1818
	1818
	1818
	1818
	1818
	1818
	1818
	1818
	1821
	1821
	1821
	1824
	1824
	1824
	1824
	1824
	1824
	1827
	1827
	1827
	1827
	1827
	1830
	1830
	1830
	1830
	1830
	1830
	1830
	1833
	1833
	1833
	1833
	1833
	1836
	1836
	1836
	1836
	1836
	1836
	1839
	1839
	1839
	1839
	1839
	1839
	1842
	1842
	1842
	1842
	1842
	1842
	1842
	1845
	1845
	1845
	1848
	1848
	1851
	1851
	1854
	1854
	1854
	1854
	1854
	1857
	1857
	1857
	1860
	1860
	1860
	1860
	1860
	1860
	1860
	1863
	1863
	1863
	1863
	1866
	1866
	1866
	1866
	1866
	1866
	1869
	1869
	1869
	1869
	1869
	1869
	1869
	1869
	1872
	1872
	1872
	1872
	1872
	1872
	1872
	1872
	1872
	1872
	1872
	1875
	1878
	1878
	1878
	1878
	1878
	1881
	1881
	1884
	1884
	1884
	1884
	1884
	1884
	1884
	1887
	1887
	1887
	1887
	1890
	1890
	1890
	1890
	1893
	1893
	1893
	1893
	1893
	1893
	1893
	1893
	1896
	1896
	1896
	1896
	1899
	1899
	1899
	1902
	1905
	1905
	1905
	1905
	1905
	1908
	1908
	1908
	1908
	1908
	1911
	1911
	1911
	1914
	1914
	1914
	1917
	1917
	1917
	1920
	1920
	1920
	1920
	1920
	1920
	1923
	1923
	1923
	1923
	1926
	1926
	1929
	1929
	1929
	1929
	1932
	1932
	1932
	1932
	1935
	1935
	1935
	1935
	1938
	1938
	1938
	1938
	1941
	1941
	1941
	1941
	1941
	1941
	1941
	1944
	1944
	1944
	1944
	1944
	1944
	1947
	1947
	1950
	1950
	1950
	1950
	1950
	1953
	1953
	1953
	1953
	1956
	1956
	1959
	1959
	1959
	1962
	1962
	1962
	1962
	1962
	1965
	1968
	1968
	1968
	1968
	1971
	1971
	1974
	1974
	1974
	1974
	1977
	1977
	1977
	1977
	1977
	1977
	1977
	1980
	1980
	1980
	1980
	1980
	1980
	1983
	1983
	1983
	1983
	1983
	1983
	1983
	1983
	1986
	1986
	1986
	1986
	1986
	1986
	1986
	1986
	1989
	1992
	1992
	1992
	1995
	1995
	1996
	1998
	1998
	2001
	2001
	2001
	2004
	2004
	2004
	2004
	2004
	2004
	2004
	2007
	2007
	2007
	2007
	2013
	2013
	2016
	2016
	2016
	2016
	2016
	2019
	2019
	2019
	2019
	2019
	2019
	2019
	2022
	2022
	2022
	2022
	2025
	2025
	2025
	2025
	2028
	2028
	2031
	2031
	2031
	2031
	2031
	2031
	2034
	2034
	2034
	2034
	2037
	2037
	2037
	2037
	2037
	2040
	2040
	2040
	2043
	2043
	2046
	2046
	2049
	2049
	2049
	2049
	2049
	2052
	2052
	2052
	2055
	2058
	2058
	2058
	2058
	2064
	2064
	2064
	2067
	2067
	2067
	2067
	2070
	2070
	2070
	2070
	2073
	2073
	2076
	2076
	2076
	2079
	2079
	2082
	2082
	2082
	2082
	2085
	2085
	2085
	2085
	2088
	2088
	2088
	2088
	2088
	2088
	2091
	2091
	2091
	2091
	2091
	2091
	2091
	2091
	2097
	2100
	2103
	2103
	2103
	2106
	2106
	2106
	2106
	2109
	2109
	2112
	2112
	2112
	2115
	2115
	2115
	2115
	2115
	2115
	2118
	2118
	2118
	2118
	2118
	2118
	2121
	2121
	2121
	2124
	2127
	2127
	2127
	2127
	2127
	2127
	2130
	2130
	2130
	2133
	2133
	2136
	2136
	2136
	2136
	2139
	2139
	2139
	2139
	2142
	2142
	2142
	2145
	2148
	2148
	2148
	2148
	2151
	2151
	2151
	2154
	2154
	2154
	2154
	2154
	2157
	2157
	2157
	2160
	2160
	2160
	2160
	2166
	2166
	2166
	2169
	2169
	2169
	2172
	2172
	2172
	2175
	2175
	2175
	2175
	2175
	2175
	2175
	2178
	2178
	2178
	2178
	2178
	2178
	2178
	2181
	2181
	2181
	2181
	2181
	2184
	2184
	2184
	2184
	2187
	2190
	2193
	2193
	2193
	2196
	2199
	2202
	2202
	2202
	2202
	2202
	2205
	2205
	2205
	2208
	2211
	2211
	2211
	2211
	2211
	2214
	2214
	2214
	2214
	2217
	2217
	2223
	2226
	2226
	2226
	2229
	2229
	2229
	2232
	2232
	2232
	2232
	2235
	2235
	2238
	2238
	2238
	2238
	2241
	2241
	2241
	2241
	2241
	2247
	2247
	2247
	2250
	2250
	2253
	2253
	2253
	2256
	2256
	2256
	2256
	2256
	2259
	2259
	2259
	2262
	2262
	2262
	2265
	2265
	2265
	2268
	2268
	2271
	2271
	2274
	2274
	2274
	2274
	2277
	2277
	2277
	2277
	2277
	2283
	2286
	2286
	2289
	2289
	2289
	2292
	2292
	2295
	2295
	2298
	2298
	2298
	2301
	2304
	2304
	2304
	2304
	2307
	2307
	2310
	2310
	2313
	2313
	2313
	2313
	2316
	2316
	2316
	2316
	2319
	2319
	2322
	2322
	2322
	2322
	2325
	2325
	2328
	2328
	2328
	2328
	2331
	2331
	2331
	2331
	2331
	2334
	2334
	2334
	2334
	2334
	2337
	2337
	2337
	2340
	2346
	2349
	2352
	2352
	2352
	2352
	2355
	2355
	2358
	2358
	2358
	2361
	2361
	2364
	2364
	2367
	2367
	2370
	2370
	2373
	2373
	2376
	2379
	2379
	2382
	2382
	2382
	2385
	2385
	2385
	2385
	2385
	2385
	2388
	2388
	2388
	2388
	2388
	2391
	2391
	2397
	2400
	2400
	2403
	2406
	2406
	2406
	2409
	2409
	2409
	2409
	2412
	2412
	2415
	2415
	2418
	2418
	2419
	2421
	2421
	2421
	2421
	2421
	2421
	2424
	2424
	2424
	2424
	2427
	2427
	2430
	2433
	2433
	2436
	2436
	2439
	2439
	2439
	2442
	2442
	2442
	2442
	2442
	2442
	2445
	2445
	2448
	2451
	2451
	2451
	2451
	2451
	2451
	2451
	2454
	2454
	2457
	2460
	2466
	2469
	2469
	2469
	2469
	2472
	2475
	2475
	2478
	2478
	2478
	2481
	2484
	2484
	2487
	2487
	2487
	2487
	2490
	2490
	2490
	2493
	2493
	2493
	2493
	2493
	2493
	2496
	2496
	2499
	2499
	2499
	2502
	2502
	2502
	2505
	2505
	2505
	2508
	2508
	2511
	2514
	2514
	2517
	2517
	2520
	2520
	2523
	2523
	2523
	2523
	2523
	2526
	2529
	2529
	2529
	2532
	2532
	2535
	2535
	2535
	2538
	2538
	2541
	2541
	2544
	2544
	2544
	2547
	2547
	2550
	2553
	2553
	2556
	2556
	2556
	2556
	2562
	2562
	2562
	2565
	2568
	2571
	2571
	2571
	2571
	2574
	2574
	2574
	2577
	2577
	2577
	2577
	2586
	2586
	2586
	2586
	2586
	2589
	2592
	2595
	2595
	2598
	2601
	2601
	2601
	2601
	2604
	2604
	2604
	2604
	2604
	2607
	2607
	2613
	2613
	2613
	2616
	2619
	2619
	2622
	2622
	2622
	2622
	2631
	2631
	2634
	2634
	2637
	2637
	2640
	2643
	2643
	2646
	2649
	2652
	2655
	2655
	2658
	2661
	2664
	2664
	2664
	2667
	2670
	2670
	2670
	2673
	2673
	2676
	2676
	2676
	2682
	2682
	2685
	2685
	2685
	2685
	2688
	2688
	2688
	2694
	2694
	2694
	2700
	2703
	2703
	2706
	2709
	2715
	2721
	2721
	2724
	2724
	2727
	2730
	2733
	2733
	2733
	2735
	2736
	2736
	2736
	2742
	2745
	2748
	2748
	2748
	2751
	2754
	2754
	2757
	2757
	2757
	2760
	2760
	2763
	2763
	2763
	2766
	2766
	2769
	2769
	2772
	2775
	2784
	2787
	2787
	2787
	2790
	2790
	2793
	2793
	2796
	2799
	2799
	2799
	2799
	2805
	2805
	2808
	2808
	2811
	2811
	2811
	2814
	2814
	2823
	2823
	2823
	2826
	2826
	2826
	2829
	2829
	2829
	2835
	2835
	2838
	2838
	2838
	2841
	2841
	2841
	2841
	2841
	2844
	2844
	2844
	2850
	2853
	2856
	2856
	2856
	2856
	2856
	2859
	2859
	2859
	2868
	2868
	2871
	2871
	2874
	2874
	2874
	2874
	2877
	2880
	2880
	2886
	2892
	2892
	2895
	2895
	2898
	2898
	2907
	2910
	2916
	2916
	2919
	2919
	2922
	2925
	2925
	2928
	2931
	2931
	2937
	2940
	2940
	2943
	2946
	2946
	2949
	2952
	2952
	2955
	2955
	2964
	2967
	2970
	2970
	2973
	2973
	2973
	2973
	2976
	2976
	2976
	2979
	2979
	2982
	2985
	2985
	2994
	3000
	3003
	3012
	3018
	3018
	3021
	3021
	3024
	3024
	3027
	3027
	3027
	3033
	3036
	3036
	3039
	3039
	3039
	3042
	3045
	3045
	3048
	3051
	3054
	3054
	3057
	3060
	3063
	3063
	3066
	3066
	3066
	3066
	3069
	3072
	3072
	3075
	3078
	3081
	3081
	3084
	3084
	3084
	3090
	3093
	3093
	3096
	3096
	3099
	3102
	3105
	3105
	3105
	3108
	3108
	3111
	3111
	3111
	3112
	3114
	3114
	3120
	3120
	3120
	3123
	3126
	3129
	3138
	3138
	3141
	3141
	3147
	3147
	3150
	3150
	3156
	3159
	3162
	3162
	3162
	3162
	3168
	3168
	3171
	3174
	3186
	3189
	3192
	3195
	3198
	3198
	3198
	3201
	3207
	3210
	3213
	3216
	3216
	3219
	3219
	3219
	3222
	3228
	3231
	3231
	3231
	3237
	3237
	3246
	3246
	3264
	3264
	3267
	3267
	3270
	3276
	3279
	3282
	3282
	3282
	3285
	3288
	3288
	3291
	3291
	3291
	3297
	3297
	3300
	3300
	3309
	3312
	3317
	3318
	3318
	3318
	3324
	3324
	3327
	3330
	3333
	3333
	3333
	3333
	3333
	3336
	3336
	3339
	3339
	3342
	3342
	3345
	3348
	3348
	3363
	3363
	3369
	3369
	3372
	3378
	3378
	3381
	3387
	3390
	3393
	3402
	3408
	3411
	3411
	3414
	3420
	3435
	3435
	3438
	3444
	3447
	3456
	3465
	3471
	3474
	3474
	3489
	3489
	3489
	3492
	3492
	3495
	3510
	3510
	3513
	3513
	3519
	3528
	3531
	3537
	3537
	3543
	3546
	3546
	3558
	3561
	3576
	3579
	3582
	3588
	3591
	3591
	3591
	3591
	3597
	3606
	3609
	3612
	3612
	3615
	3621
	3621
	3627
	3630
	3630
	3639
	3645
	3651
	3654
	3660
	3660
	3666
	3672
	3672
	3672
	3675
	3684
	3702
	3708
	3708
	3735
	3738
	3744
	3750
	3759
	3765
	3777
	3777
	3804
	3804
	3804
	3834
	3843
	3846
	3849
	3852
	3852
	3855
	3858
	3864
	3885
	3888
	3888
	3891
	3912
	3915
	3918
	3918
	3927
	3927
	3933
	3936
	3945
	3954
	3954
	3957
	3963
	3966
	3975
	3981
	3981
	3981
	3987
	3993
	3993
	3999
	4011
	4011
	4038
	4041
	4047
	4056
	4056
	4059
	4065
	4068
	4071
	4077
	4080
	4086
	4110
	4116
	4119
	4125
	4125
	4158
	4158
	4167
	4197
	4197
	4209
	4221
	4227
	4233
	4236
	4248
	4251
	4254
	4257
	4263
	4263
	4263
	4272
	4281
	4284
	4320
	4341
	4344
	4344
	4350
	4353
	4359
	4359
	4365
	4365
	4368
	4380
	4413
	4413
	4428
	4431
	4431
	4434
	4446
	4452
	4455
	4470
	4470
	4482
	4500
	4506
	4524
	4539
	4545
	4548
	4569
	4584
	4587
	4593
	4608
	4608
	4623
	4629
	4635
	4662
	4695
	4701
	4707
	4731
	4737
	4740
	4764
	4815
	4824
	4827
	4833
	4848
	4857
	4881
	4899
	4902
	4932
	4947
	4947
	4959
	4980
	4980
	4989
	4995
	4998
	5013
	5046
	5049
	5082
	5091
	5121
	5133
	5148
	5187
	5193
	5295
	5313
	5343
	5358
	5364
	5415
	5479
	5505
	5523
	5592
	5652
	5655
	5691
	5694
	5697
	5709
	5715
	5745
	5871
	5898
	5940
	5943
	5946
	6246
	6249
	6255
	6270
	6273
	6288
	6315
	6360
	6375
	6390
	6423
	6459
	6636
	6654
	6702
	6717
	7002
	7140
	7245
	7371
	7416
	7443
	7494
	7908
	8001
	8292
	8946
	9111
	9327
	9375
	9744
	11232
	12126
	14643
exon
	7
	14
	20
	25
	31
	260
	415
	418
	449
	545
gene
	49
	71
	71
	71
	71
	71
	71
	71
	71
	71
	71
	71
	71
	72
	72
	72
	72
	72
	72
	72
	72
	72
	72
	72
	72
	72
	72
	72
	72
	72
	72
	72
	72
	72
	72
	72
	72
	72
	72
	72
	72
	72
	72
	72
	72
	72
	72
	72
	72
	72
	72
	72
	72
	72
	72
	72
	72
	72
	72
	72
	72
	72
	72
	72
	72
	72
	72
	72
	72
	72
	72
	72
	72
	72
	73
	73
	73
	73
	73
	73
	73
	73
	73
	73
	73
	73
	73
	73
	73
	73
	73
	73
	73
	73
	73
	73
	73
	73
	73
	73
	73
	73
	73
	73
	73
	73
	73
	73
	73
	73
	73
	73
	73
	73
	73
	73
	73
	73
	74
	74
	74
	74
	74
	74
	74
	74
	74
	74
	74
	74
	74
	74
	74
	74
	74
	74
	74
	74
	74
	74
	74
	74
	74
	74
	74
	74
	74
	74
	75
	76
	82
	82
	82
	82
	82
	82
	82
	82
	82
	82
	82
	82
	84
	84
	84
	87
	87
	87
	88
	88
	88
	88
	88
	88
	98
	98
	98
	98
	98
	98
	101
	103
	103
	105
	108
	108
	108
	109
	109
	109
	109
	109
	109
	109
	109
	109
	109
	109
	109
	110
	110
	110
	110
	110
	110
	111
	111
	111
	112
	112
	112
	113
	119
	119
	119
	119
	119
	120
	120
	126
	132
	144
	144
	159
	159
	159
	159
	165
	168
	171
	174
	174
	174
	174
	177
	180
	180
	183
	183
	183
	186
	186
	189
	192
	192
	198
	198
	201
	201
	201
	201
	201
	201
	201
	204
	204
	204
	207
	207
	210
	210
	210
	213
	213
	213
	213
	222
	222
	222
	222
	225
	225
	225
	228
	231
	231
	231
	231
	231
	234
	237
	237
	237
	237
	237
	240
	240
	240
	240
	243
	243
	243
	246
	249
	249
	249
	249
	252
	252
	252
	255
	255
	255
	258
	258
	258
	258
	258
	258
	261
	261
	261
	261
	261
	261
	261
	264
	264
	264
	264
	267
	267
	267
	267
	267
	267
	267
	267
	270
	270
	270
	273
	273
	273
	273
	273
	273
	273
	275
	276
	276
	276
	276
	276
	276
	279
	279
	279
	279
	282
	282
	282
	282
	285
	285
	285
	288
	288
	288
	288
	291
	291
	291
	291
	294
	294
	297
	297
	297
	297
	297
	300
	300
	300
	300
	300
	303
	303
	303
	303
	303
	303
	306
	306
	306
	306
	306
	309
	312
	312
	312
	312
	312
	312
	312
	312
	312
	312
	312
	315
	315
	315
	315
	315
	315
	318
	318
	318
	318
	318
	318
	318
	321
	321
	321
	321
	321
	321
	321
	321
	321
	324
	324
	324
	324
	324
	324
	324
	324
	324
	324
	327
	327
	327
	327
	327
	327
	327
	327
	327
	327
	330
	330
	330
	330
	330
	330
	330
	333
	333
	333
	333
	336
	336
	336
	336
	336
	336
	336
	339
	339
	339
	339
	339
	339
	339
	339
	342
	342
	342
	342
	345
	345
	345
	345
	345
	345
	345
	348
	348
	348
	348
	348
	348
	351
	351
	351
	351
	351
	351
	351
	354
	354
	354
	354
	357
	357
	357
	357
	357
	357
	357
	357
	360
	360
	360
	360
	360
	363
	363
	363
	363
	366
	366
	366
	366
	369
	369
	372
	372
	372
	372
	372
	372
	375
	375
	375
	375
	375
	375
	375
	378
	378
	378
	378
	378
	378
	378
	378
	379
	381
	381
	381
	381
	381
	381
	384
	384
	384
	384
	384
	384
	384
	387
	387
	387
	387
	387
	390
	390
	390
	390
	390
	390
	390
	390
	390
	390
	393
	393
	393
	393
	393
	396
	396
	396
	396
	396
	396
	396
	399
	399
	399
	402
	402
	402
	402
	405
	405
	405
	405
	405
	405
	408
	408
	408
	408
	408
	408
	408
	411
	411
	411
	411
	411
	411
	411
	414
	414
	414
	414
	414
	417
	417
	417
	417
	417
	417
	417
	420
	420
	420
	423
	423
	423
	423
	423
	423
	423
	425
	426
	426
	426
	426
	426
	429
	429
	429
	429
	429
	429
	429
	432
	432
	432
	432
	432
	432
	432
	435
	435
	435
	435
	435
	435
	435
	435
	435
	438
	438
	441
	441
	441
	441
	441
	441
	441
	441
	441
	444
	444
	444
	444
	444
	444
	444
	444
	444
	444
	444
	447
	447
	447
	447
	447
	447
	447
	450
	450
	450
	450
	450
	450
	450
	450
	450
	450
	450
	450
	453
	453
	453
	453
	456
	456
	456
	456
	458
	459
	459
	459
	459
	459
	459
	459
	459
	459
	459
	462
	462
	462
	462
	462
	462
	462
	462
	462
	462
	463
	465
	465
	465
	465
	465
	465
	465
	465
	465
	465
	465
	465
	465
	465
	468
	468
	468
	468
	468
	471
	471
	471
	471
	471
	471
	471
	474
	474
	474
	474
	474
	474
	474
	477
	477
	477
	477
	479
	480
	480
	480
	480
	480
	480
	480
	481
	482
	483
	483
	483
	483
	483
	483
	483
	483
	485
	486
	486
	486
	486
	486
	486
	486
	489
	489
	489
	489
	489
	489
	489
	489
	489
	492
	492
	492
	492
	495
	495
	495
	495
	495
	495
	498
	498
	498
	498
	498
	498
	498
	498
	498
	501
	501
	504
	504
	504
	504
	504
	504
	504
	507
	507
	507
	510
	510
	510
	513
	513
	513
	516
	516
	516
	516
	519
	519
	519
	519
	519
	519
	519
	521
	522
	522
	522
	522
	522
	522
	523
	525
	525
	525
	528
	528
	528
	528
	528
	528
	528
	528
	530
	531
	531
	531
	531
	531
	531
	531
	534
	534
	534
	534
	534
	534
	534
	534
	537
	537
	540
	540
	540
	540
	543
	543
	543
	543
	544
	546
	546
	546
	546
	546
	546
	546
	546
	546
	549
	549
	549
	549
	552
	552
	552
	552
	552
	552
	552
	552
	555
	555
	555
	555
	555
	555
	555
	555
	558
	558
	558
	558
	558
	558
	558
	558
	558
	558
	558
	561
	561
	561
	561
	561
	561
	564
	564
	564
	564
	564
	564
	567
	570
	570
	570
	570
	570
	570
	570
	573
	573
	573
	573
	573
	573
	573
	573
	573
	576
	576
	576
	576
	576
	576
	576
	576
	576
	576
	576
	579
	579
	579
	582
	582
	582
	582
	582
	582
	582
	582
	585
	585
	585
	585
	585
	587
	588
	588
	588
	588
	588
	591
	591
	591
	591
	591
	591
	591
	594
	594
	594
	594
	594
	594
	594
	597
	597
	597
	597
	597
	597
	597
	597
	597
	600
	600
	600
	600
	603
	603
	603
	603
	603
	606
	606
	606
	606
	606
	606
	606
	609
	609
	609
	609
	609
	609
	609
	612
	612
	612
	612
	612
	612
	612
	612
	612
	612
	615
	615
	615
	615
	615
	615
	615
	615
	618
	618
	618
	618
	618
	618
	618
	618
	618
	618
	618
	618
	620
	621
	621
	621
	621
	624
	624
	624
	624
	624
	624
	624
	624
	624
	624
	624
	624
	627
	627
	627
	627
	627
	627
	627
	627
	629
	630
	630
	630
	630
	630
	630
	630
	630
	633
	633
	633
	633
	633
	633
	633
	633
	633
	633
	633
	633
	633
	633
	633
	633
	636
	636
	636
	636
	636
	636
	636
	636
	636
	636
	636
	637
	639
	639
	639
	639
	639
	639
	639
	639
	639
	639
	639
	639
	639
	642
	642
	642
	642
	642
	642
	642
	642
	642
	645
	645
	645
	645
	645
	648
	648
	648
	648
	648
	648
	648
	648
	648
	648
	648
	648
	648
	648
	648
	648
	651
	651
	651
	651
	651
	651
	651
	651
	651
	651
	654
	654
	654
	654
	654
	654
	654
	654
	654
	654
	654
	654
	654
	657
	657
	657
	657
	657
	657
	657
	657
	657
	657
	657
	660
	660
	660
	660
	660
	660
	660
	660
	663
	663
	663
	666
	666
	666
	666
	666
	666
	666
	666
	668
	669
	669
	669
	669
	669
	669
	669
	669
	669
	672
	672
	672
	672
	672
	672
	672
	672
	672
	672
	672
	675
	675
	675
	675
	675
	675
	678
	678
	678
	678
	678
	678
	678
	681
	681
	681
	681
	681
	681
	681
	681
	681
	684
	684
	684
	684
	684
	684
	687
	687
	687
	687
	687
	687
	687
	690
	690
	690
	690
	690
	690
	690
	693
	693
	693
	693
	693
	693
	693
	693
	693
	693
	693
	693
	693
	693
	693
	693
	696
	696
	696
	696
	696
	696
	699
	699
	699
	699
	699
	699
	702
	702
	702
	702
	702
	702
	702
	702
	702
	702
	702
	702
	702
	702
	702
	705
	705
	705
	705
	705
	705
	705
	705
	705
	705
	706
	708
	708
	708
	708
	708
	708
	708
	708
	711
	711
	711
	711
	711
	711
	711
	711
	714
	714
	714
	714
	717
	717
	717
	717
	717
	717
	720
	720
	720
	720
	723
	723
	723
	723
	723
	723
	723
	723
	726
	726
	726
	726
	726
	726
	726
	726
	726
	726
	729
	729
	729
	729
	729
	729
	729
	729
	729
	732
	732
	732
	732
	735
	735
	735
	735
	735
	735
	735
	738
	738
	738
	738
	738
	741
	741
	741
	741
	741
	741
	741
	741
	741
	741
	741
	744
	744
	744
	744
	744
	744
	744
	744
	746
	747
	747
	747
	747
	747
	747
	747
	747
	747
	747
	747
	750
	750
	750
	750
	750
	750
	750
	750
	750
	750
	753
	753
	753
	753
	753
	753
	755
	756
	756
	756
	756
	756
	756
	756
	756
	759
	759
	759
	759
	759
	759
	762
	762
	762
	762
	762
	762
	762
	762
	762
	765
	765
	765
	765
	765
	768
	768
	768
	768
	768
	768
	768
	768
	771
	771
	771
	771
	771
	774
	774
	774
	774
	774
	777
	777
	777
	777
	777
	777
	777
	777
	777
	780
	780
	780
	780
	780
	780
	780
	780
	780
	780
	780
	783
	783
	783
	783
	783
	783
	783
	783
	783
	783
	783
	783
	786
	786
	786
	786
	786
	786
	786
	786
	786
	789
	789
	789
	789
	789
	789
	789
	792
	792
	792
	792
	792
	792
	792
	792
	792
	792
	795
	795
	795
	795
	795
	795
	795
	798
	798
	798
	798
	798
	798
	798
	798
	798
	798
	798
	798
	798
	798
	798
	798
	799
	801
	801
	801
	801
	801
	801
	801
	801
	802
	804
	804
	804
	804
	804
	804
	804
	804
	804
	806
	807
	807
	807
	807
	807
	810
	810
	810
	810
	810
	810
	811
	812
	813
	813
	813
	813
	813
	813
	813
	816
	816
	816
	816
	816
	816
	816
	816
	819
	819
	819
	819
	819
	819
	822
	822
	822
	822
	822
	822
	825
	825
	825
	825
	825
	825
	825
	825
	825
	825
	825
	828
	828
	828
	828
	828
	828
	828
	828
	831
	831
	831
	831
	831
	831
	831
	834
	834
	834
	834
	836
	837
	837
	837
	837
	837
	837
	837
	837
	837
	837
	837
	837
	838
	840
	840
	840
	840
	840
	840
	840
	840
	843
	843
	843
	843
	843
	843
	843
	843
	845
	846
	846
	846
	846
	849
	849
	849
	849
	849
	849
	849
	849
	849
	849
	849
	849
	852
	852
	852
	852
	852
	852
	854
	855
	855
	855
	855
	855
	858
	858
	858
	858
	858
	858
	858
	858
	858
	861
	861
	861
	861
	864
	864
	864
	864
	864
	867
	867
	867
	867
	867
	867
	867
	867
	867
	867
	867
	870
	870
	870
	870
	873
	873
	873
	873
	873
	873
	873
	873
	873
	873
	873
	873
	876
	876
	876
	876
	876
	879
	879
	882
	882
	882
	882
	882
	882
	882
	882
	882
	882
	885
	885
	885
	885
	885
	885
	885
	885
	885
	885
	885
	885
	885
	885
	885
	885
	888
	888
	888
	888
	888
	888
	888
	888
	888
	888
	888
	891
	891
	891
	891
	891
	891
	894
	894
	894
	894
	894
	894
	894
	894
	894
	894
	894
	894
	897
	897
	897
	897
	897
	897
	897
	897
	897
	897
	900
	900
	900
	900
	900
	900
	903
	903
	903
	903
	903
	903
	903
	903
	906
	906
	906
	906
	906
	906
	908
	909
	909
	909
	909
	912
	912
	912
	912
	912
	912
	912
	915
	915
	915
	915
	915
	915
	915
	918
	918
	918
	918
	918
	918
	918
	921
	921
	921
	921
	921
	921
	921
	921
	921
	921
	924
	924
	924
	924
	924
	924
	924
	924
	924
	924
	924
	927
	927
	927
	927
	927
	927
	928
	929
	930
	930
	930
	930
	930
	930
	930
	930
	930
	930
	930
	930
	930
	930
	930
	932
	933
	933
	933
	933
	933
	933
	933
	933
	933
	933
	933
	936
	936
	936
	936
	936
	936
	936
	938
	939
	939
	939
	939
	939
	939
	939
	939
	939
	939
	939
	942
	942
	942
	942
	942
	942
	942
	942
	942
	945
	945
	945
	945
	945
	945
	945
	945
	945
	945
	945
	945
	948
	948
	948
	948
	948
	948
	948
	948
	948
	948
	948
	948
	948
	948
	951
	951
	951
	951
	951
	951
	951
	951
	951
	951
	951
	954
	954
	954
	954
	954
	954
	954
	954
	954
	957
	957
	957
	957
	957
	957
	957
	957
	957
	957
	957
	957
	960
	960
	960
	960
	960
	960
	960
	960
	960
	960
	960
	960
	960
	962
	963
	963
	963
	963
	963
	963
	963
	964
	966
	966
	966
	966
	969
	969
	969
	969
	969
	969
	969
	972
	972
	972
	972
	972
	972
	972
	972
	972
	972
	972
	972
	972
	972
	972
	972
	972
	975
	975
	975
	975
	975
	975
	976
	978
	978
	978
	978
	978
	978
	978
	978
	978
	978
	978
	981
	981
	981
	981
	981
	981
	981
	981
	984
	984
	984
	984
	984
	984
	984
	984
	984
	984
	984
	987
	987
	987
	987
	987
	987
	990
	990
	990
	990
	990
	990
	990
	990
	990
	993
	993
	993
	993
	993
	993
	996
	996
	996
	996
	996
	999
	999
	999
	999
	999
	999
	999
	999
	999
	999
	1002
	1002
	1002
	1002
	1004
	1005
	1005
	1005
	1005
	1005
	1005
	1005
	1005
	1005
	1005
	1005
	1008
	1008
	1008
	1008
	1008
	1009
	1011
	1011
	1011
	1011
	1011
	1011
	1011
	1011
	1011
	1014
	1014
	1014
	1014
	1014
	1014
	1014
	1014
	1014
	1014
	1014
	1014
	1017
	1017
	1017
	1017
	1017
	1017
	1017
	1017
	1017
	1017
	1020
	1020
	1020
	1020
	1020
	1020
	1020
	1020
	1020
	1020
	1020
	1020
	1020
	1020
	1020
	1023
	1023
	1023
	1023
	1023
	1023
	1023
	1023
	1026
	1026
	1026
	1026
	1026
	1029
	1029
	1029
	1029
	1029
	1029
	1030
	1032
	1032
	1032
	1032
	1032
	1032
	1032
	1032
	1035
	1035
	1035
	1035
	1035
	1035
	1035
	1035
	1035
	1035
	1035
	1038
	1038
	1038
	1038
	1038
	1038
	1039
	1041
	1041
	1041
	1041
	1041
	1041
	1041
	1041
	1041
	1044
	1044
	1044
	1044
	1044
	1044
	1047
	1047
	1047
	1047
	1047
	1047
	1047
	1047
	1050
	1050
	1050
	1050
	1050
	1050
	1050
	1050
	1050
	1050
	1050
	1050
	1050
	1050
	1053
	1053
	1053
	1053
	1053
	1053
	1053
	1056
	1056
	1056
	1056
	1056
	1056
	1056
	1059
	1059
	1059
	1059
	1059
	1059
	1059
	1059
	1062
	1062
	1062
	1062
	1062
	1062
	1062
	1062
	1062
	1062
	1065
	1065
	1065
	1065
	1065
	1065
	1068
	1068
	1068
	1068
	1068
	1068
	1068
	1071
	1071
	1071
	1074
	1074
	1074
	1074
	1074
	1074
	1074
	1074
	1074
	1074
	1077
	1077
	1077
	1077
	1077
	1077
	1077
	1077
	1077
	1077
	1080
	1080
	1080
	1080
	1080
	1080
	1080
	1080
	1080
	1081
	1083
	1083
	1083
	1083
	1083
	1083
	1083
	1083
	1083
	1086
	1086
	1086
	1086
	1086
	1086
	1086
	1086
	1086
	1086
	1086
	1086
	1086
	1089
	1089
	1089
	1089
	1089
	1089
	1089
	1089
	1089
	1089
	1089
	1089
	1089
	1092
	1092
	1092
	1092
	1092
	1092
	1092
	1095
	1095
	1095
	1095
	1095
	1095
	1095
	1095
	1095
	1095
	1095
	1095
	1096
	1098
	1098
	1098
	1101
	1101
	1101
	1101
	1101
	1101
	1101
	1101
	1101
	1101
	1101
	1102
	1104
	1104
	1104
	1104
	1107
	1107
	1107
	1107
	1107
	1107
	1107
	1107
	1107
	1107
	1107
	1107
	1107
	1107
	1107
	1110
	1110
	1110
	1110
	1110
	1110
	1110
	1113
	1113
	1113
	1113
	1113
	1116
	1116
	1116
	1116
	1116
	1116
	1116
	1116
	1116
	1116
	1116
	1116
	1119
	1119
	1119
	1119
	1119
	1119
	1119
	1119
	1119
	1119
	1119
	1122
	1122
	1122
	1122
	1122
	1122
	1122
	1122
	1122
	1122
	1122
	1122
	1125
	1125
	1125
	1125
	1125
	1125
	1125
	1125
	1125
	1128
	1128
	1128
	1128
	1128
	1131
	1131
	1131
	1131
	1131
	1134
	1134
	1134
	1134
	1134
	1134
	1136
	1137
	1137
	1137
	1137
	1137
	1137
	1137
	1137
	1140
	1140
	1140
	1140
	1140
	1140
	1140
	1140
	1140
	1140
	1143
	1143
	1143
	1143
	1143
	1143
	1143
	1143
	1146
	1146
	1146
	1146
	1146
	1146
	1148
	1148
	1149
	1149
	1149
	1149
	1149
	1149
	1149
	1149
	1149
	1152
	1152
	1152
	1152
	1152
	1152
	1152
	1152
	1152
	1155
	1155
	1155
	1155
	1158
	1158
	1158
	1158
	1158
	1161
	1161
	1161
	1161
	1161
	1161
	1161
	1164
	1164
	1164
	1164
	1164
	1164
	1164
	1164
	1165
	1167
	1167
	1167
	1167
	1167
	1167
	1167
	1167
	1167
	1167
	1167
	1169
	1170
	1170
	1170
	1173
	1173
	1173
	1173
	1176
	1176
	1176
	1176
	1176
	1176
	1176
	1176
	1179
	1179
	1179
	1179
	1179
	1179
	1179
	1179
	1179
	1179
	1179
	1182
	1182
	1182
	1185
	1185
	1185
	1188
	1188
	1188
	1188
	1188
	1188
	1188
	1191
	1191
	1191
	1191
	1191
	1191
	1191
	1194
	1194
	1194
	1194
	1194
	1194
	1197
	1197
	1197
	1197
	1197
	1200
	1200
	1200
	1200
	1200
	1200
	1203
	1203
	1203
	1203
	1203
	1203
	1203
	1203
	1203
	1203
	1203
	1206
	1206
	1209
	1209
	1209
	1209
	1209
	1212
	1212
	1212
	1212
	1212
	1212
	1212
	1212
	1214
	1215
	1215
	1215
	1215
	1215
	1215
	1215
	1218
	1218
	1218
	1218
	1218
	1218
	1218
	1220
	1221
	1221
	1221
	1221
	1221
	1221
	1224
	1224
	1224
	1224
	1224
	1227
	1227
	1227
	1227
	1227
	1227
	1227
	1227
	1227
	1229
	1230
	1230
	1230
	1230
	1230
	1231
	1233
	1233
	1233
	1233
	1233
	1233
	1233
	1233
	1236
	1236
	1236
	1236
	1236
	1236
	1236
	1236
	1236
	1239
	1239
	1239
	1239
	1239
	1239
	1239
	1239
	1239
	1242
	1242
	1245
	1245
	1245
	1248
	1248
	1248
	1248
	1248
	1248
	1248
	1248
	1248
	1251
	1251
	1251
	1251
	1251
	1251
	1251
	1251
	1253
	1254
	1254
	1254
	1254
	1257
	1257
	1257
	1257
	1260
	1260
	1260
	1260
	1260
	1260
	1260
	1260
	1260
	1260
	1263
	1263
	1263
	1263
	1263
	1263
	1263
	1266
	1266
	1266
	1266
	1266
	1266
	1266
	1266
	1269
	1269
	1269
	1269
	1269
	1272
	1272
	1272
	1272
	1272
	1272
	1275
	1275
	1275
	1275
	1275
	1275
	1278
	1278
	1278
	1278
	1278
	1278
	1278
	1278
	1281
	1281
	1284
	1284
	1284
	1284
	1284
	1284
	1284
	1284
	1284
	1284
	1284
	1287
	1287
	1287
	1287
	1287
	1287
	1287
	1290
	1290
	1290
	1290
	1290
	1290
	1290
	1290
	1290
	1290
	1290
	1293
	1293
	1293
	1293
	1293
	1293
	1293
	1293
	1293
	1293
	1293
	1296
	1296
	1296
	1296
	1296
	1296
	1296
	1296
	1296
	1296
	1299
	1299
	1299
	1299
	1299
	1299
	1299
	1299
	1299
	1299
	1299
	1299
	1299
	1302
	1302
	1302
	1302
	1302
	1302
	1302
	1302
	1302
	1302
	1302
	1302
	1302
	1302
	1305
	1305
	1305
	1305
	1308
	1308
	1308
	1308
	1308
	1308
	1310
	1311
	1311
	1311
	1311
	1311
	1314
	1314
	1314
	1314
	1314
	1314
	1314
	1314
	1314
	1314
	1314
	1314
	1314
	1317
	1317
	1317
	1317
	1317
	1317
	1317
	1317
	1317
	1317
	1317
	1317
	1320
	1320
	1320
	1320
	1320
	1320
	1323
	1323
	1323
	1323
	1323
	1326
	1326
	1326
	1326
	1326
	1326
	1326
	1329
	1329
	1329
	1329
	1329
	1329
	1329
	1332
	1332
	1332
	1332
	1332
	1332
	1332
	1332
	1335
	1336
	1338
	1338
	1338
	1338
	1338
	1338
	1338
	1338
	1338
	1338
	1341
	1341
	1341
	1341
	1341
	1341
	1341
	1341
	1341
	1341
	1341
	1341
	1341
	1344
	1344
	1344
	1344
	1344
	1344
	1344
	1344
	1347
	1347
	1347
	1347
	1347
	1347
	1347
	1347
	1347
	1347
	1347
	1350
	1350
	1350
	1350
	1350
	1353
	1353
	1353
	1353
	1353
	1353
	1356
	1356
	1356
	1356
	1356
	1356
	1356
	1356
	1356
	1356
	1356
	1356
	1359
	1359
	1359
	1359
	1359
	1359
	1359
	1359
	1359
	1359
	1359
	1359
	1359
	1359
	1362
	1362
	1362
	1362
	1362
	1362
	1362
	1362
	1362
	1362
	1362
	1362
	1365
	1365
	1365
	1365
	1365
	1365
	1365
	1365
	1368
	1368
	1368
	1371
	1371
	1371
	1371
	1371
	1371
	1374
	1374
	1374
	1374
	1374
	1374
	1374
	1374
	1374
	1377
	1377
	1377
	1377
	1377
	1380
	1380
	1380
	1380
	1380
	1383
	1383
	1383
	1383
	1383
	1383
	1386
	1386
	1386
	1386
	1386
	1386
	1389
	1389
	1389
	1389
	1389
	1389
	1389
	1389
	1392
	1392
	1392
	1392
	1392
	1392
	1392
	1392
	1395
	1395
	1395
	1395
	1398
	1398
	1398
	1398
	1398
	1401
	1401
	1401
	1401
	1401
	1401
	1401
	1401
	1401
	1404
	1404
	1404
	1404
	1404
	1404
	1404
	1407
	1407
	1407
	1407
	1410
	1410
	1410
	1410
	1410
	1410
	1410
	1410
	1410
	1410
	1410
	1410
	1413
	1413
	1413
	1413
	1416
	1416
	1416
	1416
	1416
	1416
	1416
	1419
	1419
	1419
	1419
	1419
	1422
	1422
	1425
	1425
	1426
	1428
	1428
	1428
	1428
	1428
	1428
	1428
	1431
	1431
	1431
	1431
	1431
	1431
	1431
	1431
	1434
	1434
	1434
	1434
	1434
	1434
	1434
	1437
	1437
	1437
	1437
	1440
	1440
	1440
	1440
	1440
	1440
	1440
	1443
	1443
	1443
	1443
	1443
	1446
	1446
	1446
	1446
	1446
	1446
	1446
	1446
	1449
	1449
	1449
	1449
	1449
	1452
	1452
	1452
	1452
	1452
	1452
	1452
	1452
	1455
	1455
	1455
	1455
	1455
	1455
	1455
	1455
	1455
	1457
	1458
	1458
	1458
	1458
	1458
	1458
	1458
	1458
	1458
	1459
	1461
	1461
	1461
	1461
	1461
	1461
	1461
	1461
	1461
	1464
	1464
	1464
	1464
	1464
	1465
	1467
	1467
	1467
	1467
	1467
	1470
	1470
	1470
	1470
	1470
	1470
	1470
	1473
	1473
	1473
	1473
	1473
	1473
	1476
	1476
	1476
	1476
	1479
	1479
	1482
	1482
	1482
	1482
	1482
	1482
	1485
	1485
	1485
	1488
	1488
	1488
	1488
	1488
	1488
	1488
	1491
	1491
	1494
	1494
	1494
	1494
	1494
	1497
	1497
	1497
	1497
	1497
	1497
	1498
	1500
	1500
	1500
	1500
	1501
	1503
	1503
	1503
	1503
	1504
	1506
	1506
	1506
	1506
	1506
	1506
	1507
	1509
	1509
	1512
	1512
	1512
	1512
	1512
	1515
	1515
	1515
	1515
	1515
	1515
	1515
	1515
	1515
	1518
	1518
	1518
	1518
	1518
	1518
	1518
	1518
	1518
	1521
	1521
	1521
	1521
	1521
	1524
	1524
	1524
	1524
	1524
	1524
	1527
	1527
	1527
	1527
	1527
	1527
	1527
	1527
	1527
	1530
	1530
	1530
	1530
	1530
	1530
	1530
	1530
	1533
	1533
	1533
	1533
	1533
	1533
	1533
	1536
	1536
	1539
	1539
	1539
	1539
	1539
	1542
	1542
	1542
	1542
	1542
	1542
	1542
	1542
	1542
	1545
	1545
	1545
	1545
	1545
	1545
	1548
	1548
	1548
	1548
	1548
	1548
	1551
	1551
	1554
	1554
	1554
	1554
	1554
	1554
	1554
	1554
	1554
	1557
	1557
	1560
	1560
	1560
	1560
	1560
	1560
	1562
	1563
	1563
	1566
	1566
	1566
	1566
	1566
	1566
	1566
	1569
	1569
	1569
	1569
	1569
	1572
	1572
	1572
	1575
	1575
	1575
	1578
	1578
	1578
	1578
	1578
	1578
	1578
	1578
	1581
	1581
	1581
	1581
	1581
	1584
	1584
	1584
	1587
	1587
	1587
	1587
	1587
	1590
	1590
	1590
	1590
	1590
	1590
	1593
	1593
	1593
	1593
	1593
	1593
	1593
	1593
	1596
	1596
	1596
	1596
	1596
	1596
	1596
	1596
	1599
	1599
	1599
	1599
	1599
	1599
	1599
	1599
	1602
	1602
	1602
	1602
	1602
	1602
	1602
	1602
	1602
	1605
	1605
	1605
	1605
	1605
	1605
	1608
	1608
	1608
	1608
	1608
	1608
	1609
	1611
	1611
	1611
	1611
	1611
	1614
	1614
	1614
	1617
	1617
	1617
	1617
	1617
	1617
	1617
	1620
	1620
	1620
	1620
	1620
	1620
	1623
	1623
	1623
	1623
	1623
	1623
	1626
	1626
	1626
	1626
	1626
	1626
	1626
	1629
	1629
	1629
	1629
	1629
	1629
	1632
	1632
	1632
	1632
	1632
	1632
	1632
	1632
	1632
	1632
	1632
	1632
	1632
	1632
	1635
	1635
	1635
	1635
	1638
	1638
	1638
	1638
	1638
	1638
	1638
	1638
	1641
	1641
	1641
	1644
	1644
	1644
	1644
	1644
	1644
	1644
	1644
	1647
	1647
	1647
	1647
	1647
	1647
	1647
	1650
	1650
	1650
	1650
	1650
	1650
	1650
	1650
	1650
	1650
	1650
	1653
	1653
	1653
	1653
	1653
	1656
	1656
	1656
	1656
	1656
	1656
	1659
	1659
	1659
	1662
	1662
	1662
	1662
	1665
	1665
	1665
	1665
	1668
	1668
	1668
	1668
	1668
	1671
	1671
	1671
	1671
	1674
	1674
	1674
	1674
	1674
	1674
	1674
	1677
	1677
	1677
	1680
	1680
	1680
	1680
	1680
	1683
	1686
	1689
	1689
	1692
	1692
	1692
	1692
	1692
	1695
	1695
	1695
	1695
	1695
	1695
	1695
	1695
	1695
	1695
	1695
	1698
	1698
	1698
	1698
	1698
	1698
	1698
	1698
	1698
	1698
	1698
	1698
	1701
	1701
	1701
	1701
	1704
	1704
	1704
	1704
	1704
	1704
	1707
	1707
	1707
	1707
	1707
	1707
	1707
	1710
	1710
	1710
	1710
	1710
	1713
	1713
	1713
	1716
	1716
	1716
	1716
	1719
	1719
	1719
	1722
	1722
	1722
	1722
	1725
	1725
	1725
	1725
	1725
	1725
	1725
	1725
	1728
	1728
	1728
	1728
	1728
	1731
	1734
	1734
	1734
	1734
	1734
	1734
	1737
	1737
	1737
	1737
	1740
	1740
	1740
	1743
	1743
	1743
	1743
	1743
	1743
	1743
	1743
	1746
	1746
	1746
	1749
	1749
	1749
	1749
	1749
	1749
	1749
	1749
	1749
	1752
	1752
	1752
	1752
	1752
	1752
	1752
	1755
	1755
	1755
	1755
	1755
	1755
	1755
	1758
	1758
	1758
	1758
	1758
	1758
	1761
	1761
	1761
	1764
	1764
	1764
	1767
	1767
	1767
	1767
	1767
	1767
	1767
	1770
	1770
	1770
	1770
	1773
	1773
	1773
	1773
	1773
	1776
	1776
	1776
	1776
	1779
	1779
	1779
	1779
	1779
	1779
	1779
	1779
	1779
	1779
	1779
	1779
	1782
	1782
	1782
	1785
	1785
	1785
	1788
	1788
	1788
	1791
	1791
	1791
	1794
	1794
	1794
	1794
	1794
	1794
	1794
	1794
	1794
	1797
	1797
	1797
	1797
	1797
	1797
	1800
	1800
	1800
	1800
	1803
	1803
	1803
	1803
	1803
	1803
	1803
	1806
	1806
	1806
	1809
	1809
	1809
	1809
	1812
	1812
	1812
	1812
	1812
	1812
	1815
	1815
	1815
	1815
	1815
	1815
	1818
	1818
	1818
	1818
	1818
	1818
	1818
	1818
	1821
	1821
	1821
	1824
	1824
	1824
	1824
	1824
	1824
	1827
	1827
	1827
	1827
	1827
	1830
	1830
	1830
	1830
	1830
	1830
	1830
	1833
	1833
	1833
	1833
	1833
	1836
	1836
	1836
	1836
	1836
	1836
	1839
	1839
	1839
	1839
	1839
	1839
	1842
	1842
	1842
	1842
	1842
	1842
	1842
	1845
	1845
	1845
	1848
	1848
	1851
	1851
	1854
	1854
	1854
	1854
	1854
	1857
	1857
	1857
	1860
	1860
	1860
	1860
	1860
	1860
	1860
	1863
	1863
	1863
	1863
	1866
	1866
	1866
	1866
	1866
	1866
	1869
	1869
	1869
	1869
	1869
	1869
	1869
	1869
	1872
	1872
	1872
	1872
	1872
	1872
	1872
	1872
	1872
	1872
	1872
	1875
	1878
	1878
	1878
	1878
	1878
	1881
	1881
	1884
	1884
	1884
	1884
	1884
	1884
	1884
	1887
	1887
	1887
	1887
	1890
	1890
	1890
	1890
	1893
	1893
	1893
	1893
	1893
	1893
	1893
	1893
	1896
	1896
	1896
	1896
	1899
	1899
	1899
	1902
	1905
	1905
	1905
	1905
	1905
	1908
	1908
	1908
	1908
	1908
	1911
	1911
	1911
	1914
	1914
	1914
	1917
	1917
	1917
	1920
	1920
	1920
	1920
	1920
	1920
	1923
	1923
	1923
	1923
	1926
	1926
	1929
	1929
	1929
	1929
	1932
	1932
	1932
	1932
	1935
	1935
	1935
	1935
	1938
	1938
	1938
	1938
	1941
	1941
	1941
	1941
	1941
	1941
	1941
	1944
	1944
	1944
	1944
	1944
	1944
	1947
	1947
	1950
	1950
	1950
	1950
	1950
	1953
	1953
	1953
	1953
	1956
	1956
	1959
	1959
	1959
	1962
	1962
	1962
	1962
	1962
	1965
	1968
	1968
	1968
	1968
	1971
	1971
	1974
	1974
	1974
	1974
	1977
	1977
	1977
	1977
	1977
	1977
	1977
	1980
	1980
	1980
	1980
	1980
	1980
	1983
	1983
	1983
	1983
	1983
	1983
	1983
	1983
	1986
	1986
	1986
	1986
	1986
	1986
	1986
	1986
	1989
	1992
	1992
	1992
	1995
	1995
	1996
	1998
	1998
	2001
	2001
	2001
	2004
	2004
	2004
	2004
	2004
	2004
	2004
	2007
	2007
	2007
	2007
	2013
	2013
	2016
	2016
	2016
	2016
	2016
	2019
	2019
	2019
	2019
	2019
	2019
	2019
	2022
	2022
	2022
	2022
	2025
	2025
	2025
	2025
	2028
	2028
	2031
	2031
	2031
	2031
	2031
	2031
	2034
	2034
	2034
	2034
	2037
	2037
	2037
	2037
	2037
	2040
	2040
	2040
	2043
	2043
	2043
	2046
	2046
	2049
	2049
	2049
	2049
	2049
	2052
	2052
	2052
	2055
	2058
	2058
	2058
	2058
	2064
	2064
	2064
	2067
	2067
	2067
	2067
	2070
	2070
	2070
	2070
	2073
	2073
	2076
	2076
	2076
	2079
	2079
	2082
	2082
	2082
	2082
	2085
	2085
	2085
	2085
	2088
	2088
	2088
	2088
	2088
	2088
	2091
	2091
	2091
	2091
	2091
	2091
	2091
	2091
	2097
	2100
	2103
	2103
	2103
	2106
	2106
	2106
	2106
	2109
	2109
	2112
	2112
	2112
	2115
	2115
	2115
	2115
	2115
	2115
	2118
	2118
	2118
	2118
	2118
	2118
	2121
	2121
	2121
	2124
	2127
	2127
	2127
	2127
	2127
	2127
	2130
	2130
	2130
	2133
	2133
	2136
	2136
	2136
	2136
	2139
	2139
	2139
	2139
	2142
	2142
	2142
	2145
	2148
	2148
	2148
	2148
	2151
	2151
	2151
	2154
	2154
	2154
	2154
	2154
	2157
	2157
	2157
	2160
	2160
	2160
	2160
	2166
	2166
	2166
	2169
	2169
	2169
	2172
	2172
	2172
	2175
	2175
	2175
	2175
	2175
	2175
	2175
	2178
	2178
	2178
	2178
	2178
	2178
	2178
	2181
	2181
	2181
	2181
	2181
	2184
	2184
	2184
	2184
	2187
	2190
	2193
	2193
	2193
	2196
	2199
	2202
	2202
	2202
	2202
	2202
	2205
	2205
	2205
	2208
	2211
	2211
	2211
	2211
	2211
	2214
	2214
	2214
	2214
	2217
	2217
	2223
	2226
	2226
	2226
	2229
	2229
	2229
	2232
	2232
	2232
	2232
	2235
	2235
	2238
	2238
	2238
	2238
	2241
	2241
	2241
	2241
	2241
	2247
	2247
	2247
	2250
	2250
	2253
	2253
	2253
	2256
	2256
	2256
	2256
	2256
	2259
	2259
	2259
	2262
	2262
	2262
	2265
	2265
	2265
	2268
	2268
	2271
	2271
	2274
	2274
	2274
	2274
	2277
	2277
	2277
	2277
	2277
	2283
	2286
	2286
	2289
	2289
	2289
	2292
	2292
	2295
	2295
	2298
	2298
	2298
	2301
	2304
	2304
	2304
	2304
	2307
	2307
	2310
	2310
	2313
	2313
	2313
	2313
	2316
	2316
	2316
	2316
	2319
	2319
	2322
	2322
	2322
	2322
	2325
	2325
	2328
	2328
	2328
	2328
	2331
	2331
	2331
	2331
	2331
	2334
	2334
	2334
	2334
	2334
	2337
	2337
	2337
	2340
	2346
	2349
	2352
	2352
	2352
	2352
	2355
	2355
	2358
	2358
	2358
	2361
	2361
	2364
	2364
	2367
	2367
	2370
	2370
	2373
	2373
	2376
	2379
	2379
	2382
	2382
	2382
	2385
	2385
	2385
	2385
	2385
	2385
	2388
	2388
	2388
	2388
	2388
	2391
	2391
	2397
	2400
	2400
	2403
	2406
	2406
	2406
	2409
	2409
	2409
	2409
	2412
	2412
	2415
	2415
	2418
	2418
	2419
	2421
	2421
	2421
	2421
	2421
	2421
	2424
	2424
	2424
	2424
	2427
	2427
	2430
	2433
	2433
	2436
	2436
	2439
	2439
	2439
	2442
	2442
	2442
	2442
	2442
	2442
	2445
	2445
	2448
	2451
	2451
	2451
	2451
	2451
	2451
	2451
	2454
	2454
	2457
	2460
	2466
	2469
	2469
	2469
	2469
	2472
	2475
	2475
	2478
	2478
	2478
	2481
	2484
	2484
	2487
	2487
	2487
	2487
	2490
	2490
	2490
	2493
	2493
	2493
	2493
	2493
	2493
	2496
	2496
	2499
	2499
	2499
	2502
	2502
	2502
	2505
	2505
	2505
	2508
	2508
	2511
	2514
	2514
	2517
	2517
	2520
	2520
	2523
	2523
	2523
	2523
	2523
	2526
	2529
	2529
	2529
	2532
	2532
	2535
	2535
	2535
	2538
	2538
	2541
	2541
	2544
	2544
	2544
	2547
	2547
	2550
	2553
	2553
	2556
	2556
	2556
	2556
	2562
	2562
	2562
	2565
	2568
	2571
	2571
	2571
	2571
	2574
	2574
	2574
	2577
	2577
	2577
	2577
	2586
	2586
	2586
	2586
	2586
	2589
	2592
	2595
	2595
	2598
	2601
	2601
	2601
	2601
	2604
	2604
	2604
	2604
	2604
	2607
	2607
	2613
	2613
	2613
	2616
	2619
	2619
	2622
	2622
	2622
	2622
	2631
	2631
	2634
	2634
	2637
	2637
	2640
	2643
	2643
	2646
	2649
	2652
	2655
	2655
	2658
	2661
	2664
	2664
	2664
	2667
	2670
	2670
	2670
	2673
	2673
	2676
	2676
	2676
	2682
	2682
	2685
	2685
	2685
	2685
	2688
	2688
	2688
	2694
	2694
	2694
	2700
	2703
	2703
	2706
	2709
	2715
	2721
	2721
	2724
	2724
	2727
	2730
	2733
	2733
	2733
	2735
	2736
	2736
	2736
	2742
	2745
	2748
	2748
	2748
	2751
	2754
	2754
	2757
	2757
	2757
	2760
	2760
	2763
	2763
	2763
	2766
	2766
	2769
	2769
	2772
	2775
	2784
	2787
	2787
	2787
	2790
	2790
	2793
	2793
	2796
	2799
	2799
	2799
	2799
	2805
	2805
	2808
	2808
	2811
	2811
	2811
	2814
	2814
	2823
	2823
	2823
	2826
	2826
	2826
	2829
	2829
	2829
	2835
	2835
	2838
	2838
	2838
	2841
	2841
	2841
	2841
	2841
	2844
	2844
	2844
	2850
	2853
	2856
	2856
	2856
	2856
	2856
	2859
	2859
	2859
	2868
	2868
	2871
	2871
	2874
	2874
	2874
	2874
	2877
	2880
	2880
	2886
	2892
	2892
	2895
	2895
	2898
	2898
	2907
	2910
	2916
	2916
	2919
	2919
	2922
	2925
	2925
	2928
	2931
	2931
	2937
	2940
	2940
	2943
	2946
	2946
	2949
	2952
	2952
	2955
	2955
	2964
	2967
	2970
	2970
	2973
	2973
	2973
	2973
	2976
	2976
	2976
	2979
	2979
	2982
	2985
	2985
	2994
	3000
	3003
	3012
	3018
	3018
	3021
	3021
	3024
	3024
	3027
	3027
	3027
	3033
	3036
	3036
	3039
	3039
	3039
	3042
	3045
	3045
	3048
	3051
	3054
	3054
	3057
	3060
	3063
	3063
	3066
	3066
	3066
	3066
	3069
	3072
	3072
	3075
	3078
	3081
	3081
	3084
	3084
	3084
	3090
	3093
	3093
	3096
	3096
	3099
	3102
	3105
	3105
	3105
	3108
	3108
	3111
	3111
	3111
	3112
	3114
	3114
	3120
	3120
	3120
	3123
	3126
	3129
	3138
	3138
	3141
	3141
	3147
	3147
	3150
	3150
	3156
	3159
	3162
	3162
	3162
	3162
	3168
	3168
	3171
	3174
	3186
	3189
	3192
	3195
	3198
	3198
	3198
	3201
	3207
	3210
	3213
	3216
	3216
	3219
	3219
	3219
	3222
	3228
	3231
	3231
	3231
	3237
	3237
	3246
	3246
	3264
	3264
	3267
	3267
	3270
	3276
	3279
	3282
	3282
	3282
	3285
	3288
	3288
	3291
	3291
	3291
	3297
	3297
	3300
	3300
	3309
	3312
	3317
	3318
	3318
	3318
	3324
	3324
	3327
	3330
	3333
	3333
	3333
	3333
	3333
	3336
	3336
	3339
	3339
	3342
	3342
	3345
	3348
	3348
	3363
	3363
	3369
	3369
	3372
	3378
	3378
	3381
	3387
	3390
	3393
	3402
	3408
	3411
	3411
	3414
	3420
	3435
	3435
	3438
	3444
	3447
	3456
	3465
	3471
	3474
	3474
	3489
	3489
	3489
	3492
	3492
	3495
	3510
	3510
	3513
	3513
	3519
	3528
	3531
	3537
	3537
	3543
	3546
	3546
	3558
	3561
	3576
	3579
	3582
	3588
	3591
	3591
	3591
	3591
	3597
	3606
	3609
	3612
	3612
	3615
	3621
	3621
	3627
	3630
	3630
	3639
	3645
	3651
	3654
	3660
	3660
	3666
	3672
	3672
	3672
	3675
	3684
	3702
	3708
	3708
	3735
	3738
	3744
	3750
	3759
	3765
	3777
	3777
	3804
	3804
	3804
	3834
	3843
	3846
	3849
	3852
	3852
	3855
	3858
	3864
	3885
	3888
	3888
	3891
	3912
	3915
	3918
	3918
	3927
	3927
	3933
	3936
	3945
	3954
	3954
	3957
	3963
	3966
	3975
	3981
	3981
	3981
	3987
	3993
	3993
	3999
	4011
	4011
	4038
	4041
	4047
	4056
	4056
	4059
	4065
	4068
	4071
	4077
	4080
	4086
	4110
	4116
	4119
	4125
	4125
	4158
	4158
	4167
	4197
	4197
	4209
	4221
	4227
	4233
	4236
	4248
	4251
	4254
	4257
	4263
	4263
	4263
	4272
	4281
	4284
	4320
	4341
	4344
	4344
	4350
	4353
	4359
	4359
	4365
	4365
	4368
	4380
	4413
	4413
	4428
	4431
	4431
	4434
	4446
	4452
	4455
	4470
	4470
	4482
	4500
	4506
	4524
	4539
	4545
	4548
	4569
	4584
	4587
	4593
	4608
	4608
	4623
	4629
	4635
	4662
	4695
	4701
	4707
	4731
	4737
	4740
	4764
	4815
	4824
	4827
	4833
	4848
	4857
	4881
	4899
	4902
	4932
	4947
	4947
	4959
	4980
	4980
	4989
	4995
	4998
	5013
	5046
	5049
	5082
	5091
	5121
	5133
	5148
	5187
	5193
	5295
	5313
	5343
	5358
	5364
	5415
	5479
	5505
	5523
	5592
	5652
	5655
	5691
	5694
	5697
	5709
	5715
	5745
	5871
	5898
	5940
	5943
	5946
	6246
	6249
	6255
	6270
	6273
	6288
	6315
	6360
	6375
	6390
	6423
	6459
	6636
	6654
	6702
	6717
	7002
	7140
	7245
	7371
	7416
	7443
	7494
	7908
	8001
	8292
	8946
	9111
	9327
	9375
	9744
	11232
	12126
	14643
intron
	285
	476
	503
	661
	749
mRNA
	126
	132
	159
	159
	159
	165
	168
	171
	174
	174
	174
	177
	180
	180
	183
	183
	183
	186
	186
	189
	192
	192
	198
	198
	201
	201
	201
	201
	201
	201
	201
	204
	204
	204
	207
	207
	210
	210
	210
	213
	213
	213
	213
	222
	222
	222
	222
	225
	225
	225
	228
	231
	231
	231
	231
	231
	234
	237
	237
	237
	237
	240
	240
	240
	240
	243
	243
	246
	249
	249
	249
	249
	252
	252
	252
	255
	255
	255
	258
	258
	258
	258
	258
	258
	261
	261
	261
	261
	261
	261
	261
	264
	264
	264
	264
	267
	267
	267
	267
	267
	267
	267
	267
	270
	270
	270
	273
	273
	273
	273
	273
	273
	273
	275
	276
	276
	276
	276
	276
	276
	279
	279
	279
	279
	282
	282
	282
	282
	285
	285
	285
	288
	288
	288
	288
	291
	291
	291
	291
	294
	294
	297
	297
	297
	297
	297
	300
	300
	300
	300
	300
	303
	303
	303
	303
	303
	303
	306
	306
	306
	306
	306
	309
	312
	312
	312
	312
	312
	312
	312
	312
	312
	312
	312
	315
	315
	315
	315
	315
	315
	318
	318
	318
	318
	318
	318
	318
	321
	321
	321
	321
	321
	321
	321
	321
	321
	324
	324
	324
	324
	324
	324
	324
	324
	324
	324
	327
	327
	327
	327
	327
	327
	327
	327
	327
	327
	330
	330
	330
	330
	330
	330
	333
	333
	333
	333
	336
	336
	336
	336
	336
	336
	336
	339
	339
	339
	339
	339
	339
	339
	339
	342
	342
	342
	342
	345
	345
	345
	345
	345
	345
	345
	348
	348
	348
	348
	348
	348
	351
	351
	351
	351
	351
	354
	354
	354
	354
	357
	357
	357
	357
	357
	357
	357
	357
	360
	360
	360
	360
	360
	363
	363
	363
	363
	366
	366
	366
	366
	369
	369
	372
	372
	372
	372
	372
	372
	375
	375
	375
	375
	375
	375
	375
	378
	378
	378
	378
	378
	378
	378
	378
	379
	381
	381
	381
	381
	381
	381
	384
	384
	384
	384
	384
	384
	384
	387
	387
	387
	387
	387
	390
	390
	390
	390
	390
	390
	390
	390
	390
	393
	393
	393
	393
	393
	396
	396
	396
	396
	396
	396
	396
	399
	399
	399
	402
	402
	402
	402
	405
	405
	405
	405
	405
	405
	408
	408
	408
	408
	408
	408
	411
	411
	411
	411
	411
	411
	411
	414
	414
	414
	414
	414
	417
	417
	417
	417
	417
	417
	417
	420
	420
	420
	423
	423
	423
	423
	423
	423
	423
	425
	426
	426
	426
	426
	426
	429
	429
	429
	429
	429
	429
	432
	432
	432
	432
	432
	432
	435
	435
	435
	435
	435
	435
	435
	435
	435
	438
	438
	441
	441
	441
	441
	441
	441
	441
	441
	441
	444
	444
	444
	444
	444
	444
	444
	444
	444
	444
	444
	447
	447
	447
	447
	447
	447
	447
	450
	450
	450
	450
	450
	450
	450
	450
	450
	450
	450
	450
	453
	453
	453
	453
	456
	456
	456
	456
	459
	459
	459
	459
	459
	459
	459
	459
	459
	459
	462
	462
	462
	462
	462
	462
	462
	462
	462
	462
	463
	465
	465
	465
	465
	465
	465
	465
	465
	465
	465
	465
	465
	465
	468
	468
	468
	468
	468
	471
	471
	471
	471
	471
	471
	471
	474
	474
	474
	474
	474
	474
	474
	477
	477
	477
	477
	479
	480
	480
	480
	480
	480
	480
	480
	481
	482
	483
	483
	483
	483
	483
	483
	483
	483
	485
	486
	486
	486
	486
	486
	486
	486
	489
	489
	489
	489
	489
	489
	489
	489
	489
	492
	492
	492
	492
	495
	495
	495
	495
	495
	495
	498
	498
	498
	498
	498
	498
	498
	498
	501
	504
	504
	504
	504
	504
	504
	504
	507
	507
	507
	510
	510
	510
	513
	513
	513
	516
	516
	516
	516
	519
	519
	519
	519
	519
	519
	519
	521
	522
	522
	522
	522
	522
	522
	523
	525
	525
	525
	528
	528
	528
	528
	528
	528
	528
	528
	530
	531
	531
	531
	531
	531
	531
	531
	534
	534
	534
	534
	534
	534
	534
	537
	537
	540
	540
	540
	540
	543
	543
	543
	543
	544
	546
	546
	546
	546
	546
	546
	546
	546
	546
	549
	549
	549
	549
	552
	552
	552
	552
	552
	552
	552
	552
	555
	555
	555
	555
	555
	555
	555
	555
	558
	558
	558
	558
	558
	558
	558
	558
	558
	558
	561
	561
	561
	561
	561
	561
	564
	564
	564
	564
	564
	567
	570
	570
	570
	570
	570
	570
	570
	573
	573
	573
	573
	573
	573
	573
	573
	576
	576
	576
	576
	576
	576
	576
	576
	576
	576
	579
	579
	579
	582
	582
	582
	582
	582
	582
	582
	582
	585
	585
	585
	585
	585
	587
	588
	588
	588
	588
	588
	591
	591
	591
	591
	591
	591
	591
	594
	594
	594
	594
	594
	594
	594
	597
	597
	597
	597
	597
	597
	597
	597
	597
	599
	600
	600
	600
	600
	603
	603
	603
	603
	603
	606
	606
	606
	606
	606
	606
	606
	609
	609
	609
	609
	609
	609
	612
	612
	612
	612
	612
	612
	612
	612
	612
	615
	615
	615
	615
	615
	615
	615
	615
	618
	618
	618
	618
	618
	618
	618
	618
	618
	618
	618
	620
	621
	621
	621
	621
	624
	624
	624
	624
	624
	624
	624
	624
	624
	624
	624
	624
	627
	627
	627
	627
	627
	627
	627
	629
	630
	630
	630
	630
	630
	630
	630
	630
	633
	633
	633
	633
	633
	633
	633
	633
	633
	633
	633
	633
	633
	633
	633
	633
	636
	636
	636
	636
	636
	636
	636
	636
	636
	636
	637
	639
	639
	639
	639
	639
	639
	639
	639
	639
	639
	639
	639
	639
	642
	642
	642
	642
	642
	642
	642
	642
	642
	645
	645
	645
	645
	645
	648
	648
	648
	648
	648
	648
	648
	648
	648
	648
	648
	648
	648
	648
	648
	651
	651
	651
	651
	651
	651
	651
	651
	651
	651
	654
	654
	654
	654
	654
	654
	654
	654
	654
	654
	654
	654
	654
	657
	657
	657
	657
	657
	657
	657
	657
	657
	657
	657
	660
	660
	660
	660
	660
	660
	660
	660
	663
	663
	663
	666
	666
	666
	666
	666
	666
	666
	666
	668
	669
	669
	669
	669
	669
	669
	669
	669
	672
	672
	672
	672
	672
	672
	672
	672
	672
	672
	675
	675
	675
	675
	675
	675
	678
	678
	678
	678
	678
	678
	678
	681
	681
	681
	681
	681
	681
	681
	681
	681
	684
	684
	684
	684
	684
	684
	687
	687
	687
	687
	687
	687
	687
	690
	690
	690
	690
	690
	690
	690
	693
	693
	693
	693
	693
	693
	693
	693
	693
	693
	693
	693
	693
	693
	696
	696
	696
	696
	696
	696
	699
	699
	699
	699
	699
	699
	702
	702
	702
	702
	702
	702
	702
	702
	702
	702
	702
	702
	702
	702
	702
	705
	705
	705
	705
	705
	705
	705
	705
	705
	706
	708
	708
	708
	708
	708
	708
	708
	708
	711
	711
	711
	711
	711
	711
	714
	714
	714
	714
	717
	717
	717
	717
	717
	717
	720
	720
	720
	720
	723
	723
	723
	723
	723
	723
	723
	723
	726
	726
	726
	726
	726
	726
	726
	726
	726
	726
	729
	729
	729
	729
	729
	729
	729
	729
	729
	732
	732
	732
	732
	735
	735
	735
	735
	735
	735
	735
	738
	738
	738
	738
	738
	741
	741
	741
	741
	741
	741
	741
	741
	741
	741
	741
	744
	744
	744
	744
	744
	744
	744
	744
	746
	747
	747
	747
	747
	747
	747
	747
	747
	747
	747
	750
	750
	750
	750
	750
	750
	750
	750
	750
	750
	753
	753
	753
	753
	753
	753
	755
	756
	756
	756
	756
	756
	756
	756
	756
	759
	759
	759
	759
	759
	759
	762
	762
	762
	762
	762
	762
	762
	762
	762
	765
	765
	765
	765
	765
	768
	768
	768
	768
	768
	768
	768
	768
	771
	771
	771
	771
	771
	774
	774
	774
	774
	774
	777
	777
	777
	777
	777
	777
	777
	777
	777
	780
	780
	780
	780
	780
	780
	780
	780
	780
	780
	780
	783
	783
	783
	783
	783
	783
	783
	783
	783
	783
	783
	783
	786
	786
	786
	786
	786
	786
	786
	786
	789
	789
	789
	789
	789
	789
	792
	792
	792
	792
	792
	792
	792
	792
	792
	792
	795
	795
	795
	795
	795
	795
	795
	798
	798
	798
	798
	798
	798
	798
	798
	798
	798
	798
	798
	798
	798
	798
	798
	799
	801
	801
	801
	801
	801
	801
	801
	801
	802
	804
	804
	804
	804
	804
	804
	804
	804
	804
	806
	807
	807
	807
	807
	807
	810
	810
	810
	810
	810
	810
	811
	812
	813
	813
	813
	813
	813
	813
	813
	816
	816
	816
	816
	816
	816
	816
	816
	819
	819
	819
	819
	819
	822
	822
	822
	822
	822
	822
	825
	825
	825
	825
	825
	825
	825
	825
	825
	825
	825
	828
	828
	828
	828
	828
	828
	828
	828
	831
	831
	831
	831
	831
	831
	831
	834
	834
	834
	834
	837
	837
	837
	837
	837
	837
	837
	837
	837
	837
	837
	838
	840
	840
	840
	840
	840
	840
	840
	840
	843
	843
	843
	843
	843
	843
	843
	843
	845
	846
	846
	846
	846
	849
	849
	849
	849
	849
	849
	849
	849
	849
	849
	849
	849
	852
	852
	852
	852
	852
	854
	855
	855
	855
	855
	855
	858
	858
	858
	858
	858
	858
	858
	858
	858
	861
	861
	861
	861
	864
	864
	864
	864
	864
	867
	867
	867
	867
	867
	867
	867
	867
	867
	867
	867
	870
	870
	870
	870
	873
	873
	873
	873
	873
	873
	873
	873
	873
	873
	876
	876
	876
	876
	879
	879
	882
	882
	882
	882
	882
	882
	882
	882
	882
	882
	885
	885
	885
	885
	885
	885
	885
	885
	885
	885
	885
	885
	885
	885
	885
	885
	888
	888
	888
	888
	888
	888
	888
	888
	888
	888
	888
	891
	891
	891
	891
	891
	891
	894
	894
	894
	894
	894
	894
	894
	894
	894
	894
	894
	894
	897
	897
	897
	897
	897
	897
	897
	897
	897
	897
	900
	900
	900
	900
	900
	900
	903
	903
	903
	903
	903
	903
	903
	903
	906
	906
	906
	906
	906
	906
	908
	909
	909
	909
	909
	912
	912
	912
	912
	912
	912
	912
	915
	915
	915
	915
	915
	915
	915
	918
	918
	918
	918
	918
	918
	918
	921
	921
	921
	921
	921
	921
	921
	921
	921
	921
	924
	924
	924
	924
	924
	924
	924
	924
	924
	924
	924
	927
	927
	927
	927
	927
	927
	928
	929
	930
	930
	930
	930
	930
	930
	930
	930
	930
	930
	930
	930
	930
	930
	932
	933
	933
	933
	933
	933
	933
	933
	933
	933
	933
	933
	936
	936
	936
	936
	936
	936
	936
	938
	939
	939
	939
	939
	939
	939
	939
	939
	939
	939
	939
	942
	942
	942
	942
	942
	942
	942
	942
	942
	945
	945
	945
	945
	945
	945
	945
	945
	945
	945
	945
	945
	948
	948
	948
	948
	948
	948
	948
	948
	948
	948
	948
	948
	948
	948
	951
	951
	951
	951
	951
	951
	951
	951
	951
	951
	954
	954
	954
	954
	954
	954
	954
	954
	954
	957
	957
	957
	957
	957
	957
	957
	957
	957
	957
	957
	957
	960
	960
	960
	960
	960
	960
	960
	960
	960
	960
	960
	960
	960
	962
	963
	963
	963
	963
	963
	963
	964
	966
	966
	966
	966
	969
	969
	969
	969
	969
	969
	969
	972
	972
	972
	972
	972
	972
	972
	972
	972
	972
	972
	972
	972
	972
	972
	972
	972
	975
	975
	975
	975
	975
	975
	976
	978
	978
	978
	978
	978
	978
	978
	978
	978
	978
	978
	981
	981
	981
	981
	981
	981
	981
	981
	984
	984
	984
	984
	984
	984
	984
	984
	984
	984
	984
	987
	987
	987
	987
	987
	987
	990
	990
	990
	990
	990
	990
	990
	990
	990
	993
	993
	993
	993
	993
	993
	996
	996
	996
	996
	996
	999
	999
	999
	999
	999
	999
	999
	999
	999
	999
	1002
	1002
	1002
	1002
	1004
	1005
	1005
	1005
	1005
	1005
	1005
	1005
	1005
	1005
	1005
	1008
	1008
	1008
	1008
	1008
	1009
	1011
	1011
	1011
	1011
	1011
	1011
	1011
	1011
	1011
	1014
	1014
	1014
	1014
	1014
	1014
	1014
	1014
	1014
	1014
	1014
	1014
	1017
	1017
	1017
	1017
	1017
	1017
	1017
	1017
	1017
	1017
	1020
	1020
	1020
	1020
	1020
	1020
	1020
	1020
	1020
	1020
	1020
	1020
	1020
	1020
	1023
	1023
	1023
	1023
	1023
	1023
	1023
	1023
	1026
	1026
	1026
	1026
	1026
	1029
	1029
	1029
	1029
	1029
	1029
	1030
	1032
	1032
	1032
	1032
	1032
	1032
	1032
	1032
	1035
	1035
	1035
	1035
	1035
	1035
	1035
	1035
	1035
	1035
	1035
	1038
	1038
	1038
	1038
	1038
	1038
	1039
	1041
	1041
	1041
	1041
	1041
	1041
	1041
	1041
	1041
	1044
	1044
	1044
	1044
	1044
	1044
	1047
	1047
	1047
	1047
	1047
	1047
	1047
	1047
	1050
	1050
	1050
	1050
	1050
	1050
	1050
	1050
	1050
	1050
	1050
	1050
	1050
	1050
	1053
	1053
	1053
	1053
	1053
	1053
	1053
	1056
	1056
	1056
	1056
	1056
	1056
	1056
	1059
	1059
	1059
	1059
	1059
	1059
	1059
	1059
	1062
	1062
	1062
	1062
	1062
	1062
	1062
	1062
	1062
	1062
	1065
	1065
	1065
	1065
	1065
	1065
	1068
	1068
	1068
	1068
	1068
	1068
	1068
	1071
	1071
	1071
	1074
	1074
	1074
	1074
	1074
	1074
	1074
	1074
	1074
	1074
	1077
	1077
	1077
	1077
	1077
	1077
	1077
	1077
	1077
	1077
	1080
	1080
	1080
	1080
	1080
	1080
	1080
	1080
	1081
	1083
	1083
	1083
	1083
	1083
	1083
	1083
	1083
	1086
	1086
	1086
	1086
	1086
	1086
	1086
	1086
	1086
	1086
	1086
	1086
	1086
	1089
	1089
	1089
	1089
	1089
	1089
	1089
	1089
	1089
	1089
	1089
	1089
	1089
	1092
	1092
	1092
	1092
	1092
	1092
	1092
	1095
	1095
	1095
	1095
	1095
	1095
	1095
	1095
	1095
	1095
	1095
	1095
	1096
	1098
	1098
	1098
	1101
	1101
	1101
	1101
	1101
	1101
	1101
	1101
	1101
	1101
	1101
	1102
	1104
	1104
	1104
	1104
	1107
	1107
	1107
	1107
	1107
	1107
	1107
	1107
	1107
	1107
	1107
	1107
	1107
	1107
	1107
	1110
	1110
	1110
	1110
	1110
	1110
	1110
	1113
	1113
	1113
	1113
	1113
	1116
	1116
	1116
	1116
	1116
	1116
	1116
	1116
	1116
	1116
	1116
	1116
	1119
	1119
	1119
	1119
	1119
	1119
	1119
	1119
	1119
	1119
	1119
	1122
	1122
	1122
	1122
	1122
	1122
	1122
	1122
	1122
	1122
	1122
	1122
	1125
	1125
	1125
	1125
	1125
	1125
	1125
	1125
	1125
	1128
	1128
	1128
	1128
	1128
	1131
	1131
	1131
	1131
	1131
	1134
	1134
	1134
	1134
	1134
	1134
	1136
	1137
	1137
	1137
	1137
	1137
	1137
	1137
	1137
	1140
	1140
	1140
	1140
	1140
	1140
	1140
	1140
	1140
	1143
	1143
	1143
	1143
	1143
	1143
	1143
	1143
	1146
	1146
	1146
	1146
	1146
	1146
	1149
	1149
	1149
	1149
	1149
	1149
	1149
	1149
	1149
	1152
	1152
	1152
	1152
	1152
	1152
	1152
	1152
	1152
	1155
	1155
	1155
	1155
	1158
	1158
	1158
	1158
	1161
	1161
	1161
	1161
	1161
	1161
	1161
	1164
	1164
	1164
	1164
	1164
	1164
	1164
	1165
	1167
	1167
	1167
	1167
	1167
	1167
	1167
	1167
	1167
	1167
	1167
	1169
	1170
	1170
	1170
	1173
	1173
	1173
	1173
	1176
	1176
	1176
	1176
	1176
	1176
	1176
	1176
	1179
	1179
	1179
	1179
	1179
	1179
	1179
	1179
	1179
	1179
	1179
	1182
	1182
	1182
	1185
	1185
	1185
	1188
	1188
	1188
	1188
	1188
	1188
	1191
	1191
	1191
	1191
	1191
	1191
	1191
	1194
	1194
	1194
	1194
	1194
	1194
	1197
	1197
	1197
	1197
	1197
	1200
	1200
	1200
	1200
	1200
	1203
	1203
	1203
	1203
	1203
	1203
	1203
	1203
	1203
	1203
	1203
	1206
	1206
	1209
	1209
	1209
	1209
	1209
	1212
	1212
	1212
	1212
	1212
	1212
	1212
	1212
	1214
	1215
	1215
	1215
	1215
	1215
	1215
	1215
	1218
	1218
	1218
	1218
	1218
	1218
	1218
	1220
	1221
	1221
	1221
	1221
	1221
	1221
	1224
	1224
	1224
	1224
	1224
	1227
	1227
	1227
	1227
	1227
	1227
	1227
	1227
	1227
	1229
	1230
	1230
	1230
	1230
	1231
	1233
	1233
	1233
	1233
	1233
	1233
	1233
	1233
	1236
	1236
	1236
	1236
	1236
	1236
	1236
	1236
	1236
	1239
	1239
	1239
	1239
	1239
	1239
	1239
	1239
	1239
	1242
	1242
	1245
	1245
	1245
	1248
	1248
	1248
	1248
	1248
	1248
	1248
	1248
	1251
	1251
	1251
	1251
	1251
	1251
	1251
	1251
	1253
	1254
	1254
	1254
	1254
	1257
	1257
	1257
	1257
	1260
	1260
	1260
	1260
	1260
	1260
	1260
	1260
	1260
	1260
	1263
	1263
	1263
	1263
	1263
	1263
	1263
	1266
	1266
	1266
	1266
	1266
	1266
	1266
	1266
	1269
	1269
	1269
	1269
	1269
	1272
	1272
	1272
	1272
	1272
	1272
	1275
	1275
	1275
	1275
	1275
	1275
	1278
	1278
	1278
	1278
	1278
	1278
	1278
	1278
	1281
	1281
	1284
	1284
	1284
	1284
	1284
	1284
	1284
	1284
	1284
	1284
	1284
	1287
	1287
	1287
	1287
	1287
	1290
	1290
	1290
	1290
	1290
	1290
	1290
	1290
	1290
	1290
	1290
	1293
	1293
	1293
	1293
	1293
	1293
	1293
	1293
	1293
	1293
	1296
	1296
	1296
	1296
	1296
	1296
	1296
	1296
	1296
	1296
	1299
	1299
	1299
	1299
	1299
	1299
	1299
	1299
	1299
	1299
	1299
	1299
	1302
	1302
	1302
	1302
	1302
	1302
	1302
	1302
	1302
	1302
	1302
	1302
	1302
	1305
	1305
	1305
	1305
	1308
	1308
	1308
	1308
	1308
	1310
	1311
	1311
	1311
	1311
	1311
	1314
	1314
	1314
	1314
	1314
	1314
	1314
	1314
	1314
	1314
	1314
	1314
	1314
	1317
	1317
	1317
	1317
	1317
	1317
	1317
	1317
	1317
	1317
	1317
	1317
	1320
	1320
	1320
	1320
	1320
	1320
	1323
	1323
	1323
	1323
	1323
	1326
	1326
	1326
	1326
	1326
	1329
	1329
	1329
	1329
	1329
	1329
	1329
	1332
	1332
	1332
	1332
	1332
	1332
	1332
	1332
	1335
	1336
	1338
	1338
	1338
	1338
	1338
	1338
	1338
	1338
	1338
	1338
	1341
	1341
	1341
	1341
	1341
	1341
	1341
	1341
	1341
	1341
	1341
	1341
	1344
	1344
	1344
	1344
	1344
	1344
	1344
	1344
	1347
	1347
	1347
	1347
	1347
	1347
	1347
	1347
	1347
	1347
	1347
	1350
	1350
	1350
	1350
	1350
	1353
	1353
	1353
	1353
	1353
	1353
	1356
	1356
	1356
	1356
	1356
	1356
	1356
	1356
	1356
	1356
	1356
	1356
	1359
	1359
	1359
	1359
	1359
	1359
	1359
	1359
	1359
	1359
	1359
	1359
	1359
	1362
	1362
	1362
	1362
	1362
	1362
	1362
	1362
	1362
	1362
	1362
	1362
	1365
	1365
	1365
	1365
	1365
	1365
	1365
	1365
	1368
	1368
	1368
	1371
	1371
	1371
	1371
	1371
	1371
	1374
	1374
	1374
	1374
	1374
	1374
	1374
	1374
	1376
	1377
	1377
	1377
	1377
	1377
	1380
	1380
	1380
	1380
	1380
	1383
	1383
	1383
	1383
	1383
	1383
	1386
	1386
	1386
	1386
	1386
	1389
	1389
	1389
	1389
	1389
	1389
	1389
	1389
	1392
	1392
	1392
	1392
	1392
	1392
	1392
	1392
	1395
	1395
	1395
	1398
	1398
	1398
	1398
	1398
	1401
	1401
	1401
	1401
	1401
	1401
	1401
	1401
	1401
	1404
	1404
	1404
	1404
	1404
	1404
	1407
	1407
	1407
	1407
	1410
	1410
	1410
	1410
	1410
	1410
	1410
	1410
	1410
	1410
	1410
	1410
	1413
	1413
	1413
	1413
	1416
	1416
	1416
	1416
	1416
	1416
	1416
	1419
	1419
	1419
	1419
	1419
	1422
	1422
	1425
	1425
	1426
	1428
	1428
	1428
	1428
	1428
	1428
	1428
	1431
	1431
	1431
	1431
	1431
	1431
	1431
	1431
	1434
	1434
	1434
	1434
	1434
	1434
	1434
	1437
	1437
	1437
	1437
	1440
	1440
	1440
	1440
	1440
	1440
	1440
	1443
	1443
	1443
	1443
	1443
	1446
	1446
	1446
	1446
	1446
	1446
	1446
	1446
	1449
	1449
	1449
	1449
	1449
	1452
	1452
	1452
	1452
	1452
	1452
	1452
	1452
	1455
	1455
	1455
	1455
	1455
	1455
	1455
	1455
	1455
	1457
	1458
	1458
	1458
	1458
	1458
	1458
	1458
	1458
	1458
	1459
	1461
	1461
	1461
	1461
	1461
	1461
	1461
	1461
	1461
	1464
	1464
	1464
	1464
	1464
	1465
	1467
	1467
	1467
	1467
	1467
	1470
	1470
	1470
	1470
	1470
	1470
	1473
	1473
	1473
	1473
	1473
	1476
	1476
	1476
	1476
	1479
	1479
	1482
	1482
	1482
	1482
	1482
	1482
	1485
	1485
	1485
	1488
	1488
	1488
	1488
	1488
	1488
	1488
	1491
	1491
	1494
	1494
	1494
	1494
	1494
	1497
	1497
	1497
	1497
	1497
	1497
	1498
	1500
	1500
	1500
	1500
	1501
	1503
	1503
	1503
	1503
	1504
	1506
	1506
	1506
	1506
	1506
	1506
	1507
	1509
	1509
	1512
	1512
	1512
	1512
	1512
	1515
	1515
	1515
	1515
	1515
	1515
	1515
	1515
	1515
	1518
	1518
	1518
	1518
	1518
	1518
	1518
	1518
	1518
	1521
	1521
	1521
	1521
	1521
	1524
	1524
	1524
	1524
	1524
	1524
	1527
	1527
	1527
	1527
	1527
	1527
	1527
	1527
	1527
	1530
	1530
	1530
	1530
	1530
	1530
	1530
	1530
	1533
	1533
	1533
	1533
	1533
	1533
	1533
	1536
	1536
	1539
	1539
	1539
	1539
	1539
	1542
	1542
	1542
	1542
	1542
	1542
	1542
	1542
	1542
	1545
	1545
	1545
	1545
	1545
	1548
	1548
	1548
	1548
	1548
	1548
	1551
	1551
	1554
	1554
	1554
	1554
	1554
	1554
	1554
	1554
	1554
	1557
	1557
	1560
	1560
	1560
	1560
	1560
	1560
	1562
	1563
	1563
	1566
	1566
	1566
	1566
	1566
	1566
	1566
	1569
	1569
	1569
	1569
	1569
	1572
	1572
	1572
	1575
	1575
	1575
	1578
	1578
	1578
	1578
	1578
	1578
	1578
	1578
	1581
	1581
	1581
	1581
	1581
	1584
	1584
	1584
	1587
	1587
	1587
	1587
	1587
	1590
	1590
	1590
	1590
	1590
	1590
	1593
	1593
	1593
	1593
	1593
	1593
	1593
	1593
	1596
	1596
	1596
	1596
	1596
	1596
	1596
	1596
	1599
	1599
	1599
	1599
	1599
	1599
	1599
	1599
	1602
	1602
	1602
	1602
	1602
	1602
	1602
	1602
	1602
	1605
	1605
	1605
	1605
	1605
	1605
	1608
	1608
	1608
	1608
	1608
	1609
	1611
	1611
	1611
	1611
	1611
	1614
	1614
	1614
	1617
	1617
	1617
	1617
	1617
	1617
	1617
	1620
	1620
	1620
	1620
	1620
	1620
	1623
	1623
	1623
	1623
	1623
	1623
	1626
	1626
	1626
	1626
	1626
	1626
	1626
	1629
	1629
	1629
	1629
	1629
	1629
	1632
	1632
	1632
	1632
	1632
	1632
	1632
	1632
	1632
	1632
	1632
	1632
	1632
	1632
	1635
	1635
	1635
	1635
	1638
	1638
	1638
	1638
	1638
	1638
	1638
	1638
	1641
	1641
	1641
	1644
	1644
	1644
	1644
	1644
	1644
	1644
	1644
	1647
	1647
	1647
	1647
	1647
	1647
	1647
	1650
	1650
	1650
	1650
	1650
	1650
	1650
	1650
	1650
	1650
	1650
	1653
	1653
	1653
	1653
	1653
	1656
	1656
	1656
	1656
	1656
	1656
	1659
	1659
	1659
	1662
	1662
	1662
	1662
	1665
	1665
	1665
	1665
	1668
	1668
	1668
	1668
	1668
	1671
	1671
	1671
	1671
	1674
	1674
	1674
	1674
	1674
	1674
	1674
	1677
	1677
	1677
	1680
	1680
	1680
	1680
	1680
	1683
	1686
	1689
	1689
	1692
	1692
	1692
	1692
	1692
	1695
	1695
	1695
	1695
	1695
	1695
	1695
	1695
	1695
	1695
	1695
	1698
	1698
	1698
	1698
	1698
	1698
	1698
	1698
	1698
	1698
	1698
	1698
	1701
	1701
	1701
	1701
	1704
	1704
	1704
	1704
	1704
	1704
	1707
	1707
	1707
	1707
	1707
	1707
	1707
	1710
	1710
	1710
	1710
	1710
	1713
	1713
	1713
	1716
	1716
	1716
	1716
	1719
	1719
	1719
	1722
	1722
	1722
	1722
	1725
	1725
	1725
	1725
	1725
	1725
	1725
	1725
	1728
	1728
	1728
	1728
	1728
	1731
	1734
	1734
	1734
	1734
	1734
	1734
	1737
	1737
	1737
	1737
	1740
	1740
	1740
	1743
	1743
	1743
	1743
	1743
	1743
	1743
	1743
	1746
	1746
	1746
	1749
	1749
	1749
	1749
	1749
	1749
	1749
	1749
	1749
	1752
	1752
	1752
	1752
	1752
	1752
	1752
	1755
	1755
	1755
	1755
	1755
	1755
	1755
	1758
	1758
	1758
	1758
	1758
	1758
	1761
	1761
	1761
	1764
	1764
	1764
	1767
	1767
	1767
	1767
	1767
	1767
	1770
	1770
	1770
	1770
	1773
	1773
	1773
	1773
	1773
	1776
	1776
	1776
	1776
	1779
	1779
	1779
	1779
	1779
	1779
	1779
	1779
	1779
	1779
	1779
	1782
	1782
	1782
	1785
	1785
	1785
	1788
	1788
	1788
	1791
	1791
	1791
	1794
	1794
	1794
	1794
	1794
	1794
	1794
	1794
	1794
	1797
	1797
	1797
	1797
	1797
	1800
	1800
	1800
	1803
	1803
	1803
	1803
	1803
	1803
	1803
	1806
	1806
	1806
	1809
	1809
	1809
	1809
	1812
	1812
	1812
	1812
	1812
	1812
	1815
	1815
	1815
	1815
	1815
	1815
	1818
	1818
	1818
	1818
	1818
	1818
	1818
	1818
	1821
	1821
	1821
	1824
	1824
	1824
	1824
	1824
	1824
	1827
	1827
	1827
	1827
	1827
	1830
	1830
	1830
	1830
	1830
	1833
	1833
	1833
	1833
	1833
	1836
	1836
	1836
	1836
	1836
	1836
	1839
	1839
	1839
	1839
	1839
	1839
	1842
	1842
	1842
	1842
	1842
	1842
	1842
	1845
	1845
	1845
	1848
	1848
	1851
	1851
	1854
	1854
	1854
	1854
	1854
	1857
	1857
	1857
	1860
	1860
	1860
	1860
	1860
	1860
	1860
	1863
	1863
	1863
	1863
	1866
	1866
	1866
	1866
	1866
	1866
	1869
	1869
	1869
	1869
	1869
	1869
	1869
	1869
	1872
	1872
	1872
	1872
	1872
	1872
	1872
	1872
	1872
	1872
	1872
	1875
	1878
	1878
	1878
	1878
	1878
	1881
	1881
	1884
	1884
	1884
	1884
	1884
	1884
	1887
	1887
	1887
	1887
	1890
	1890
	1890
	1890
	1893
	1893
	1893
	1893
	1893
	1893
	1893
	1893
	1896
	1896
	1896
	1896
	1899
	1899
	1899
	1905
	1905
	1905
	1905
	1905
	1908
	1908
	1908
	1908
	1908
	1911
	1911
	1911
	1914
	1914
	1914
	1917
	1917
	1917
	1920
	1920
	1920
	1920
	1920
	1920
	1923
	1923
	1923
	1923
	1926
	1926
	1929
	1929
	1929
	1929
	1932
	1932
	1932
	1932
	1935
	1935
	1935
	1935
	1938
	1938
	1938
	1938
	1941
	1941
	1941
	1941
	1941
	1941
	1941
	1944
	1944
	1944
	1944
	1944
	1944
	1947
	1947
	1950
	1950
	1950
	1950
	1950
	1953
	1953
	1953
	1953
	1956
	1956
	1959
	1959
	1959
	1962
	1962
	1962
	1962
	1962
	1965
	1968
	1968
	1968
	1968
	1971
	1971
	1974
	1974
	1974
	1974
	1977
	1977
	1977
	1977
	1977
	1977
	1977
	1980
	1980
	1980
	1980
	1980
	1980
	1983
	1983
	1983
	1983
	1983
	1983
	1983
	1986
	1986
	1986
	1986
	1986
	1986
	1986
	1989
	1992
	1992
	1992
	1995
	1995
	1996
	1998
	1998
	2001
	2001
	2001
	2004
	2004
	2004
	2004
	2004
	2004
	2004
	2007
	2007
	2007
	2007
	2013
	2013
	2016
	2016
	2016
	2016
	2016
	2019
	2019
	2019
	2019
	2019
	2019
	2019
	2022
	2022
	2022
	2022
	2025
	2025
	2025
	2025
	2028
	2028
	2031
	2031
	2031
	2031
	2031
	2031
	2034
	2034
	2034
	2034
	2037
	2037
	2037
	2037
	2037
	2040
	2040
	2040
	2043
	2043
	2046
	2046
	2049
	2049
	2049
	2049
	2049
	2052
	2052
	2052
	2055
	2058
	2058
	2058
	2058
	2064
	2064
	2064
	2067
	2067
	2067
	2067
	2070
	2070
	2070
	2070
	2073
	2073
	2076
	2076
	2076
	2079
	2079
	2082
	2082
	2082
	2082
	2085
	2085
	2085
	2085
	2088
	2088
	2088
	2088
	2088
	2088
	2091
	2091
	2091
	2091
	2091
	2091
	2091
	2091
	2097
	2100
	2103
	2103
	2103
	2106
	2106
	2106
	2106
	2109
	2109
	2112
	2112
	2112
	2115
	2115
	2115
	2115
	2115
	2115
	2118
	2118
	2118
	2118
	2118
	2118
	2121
	2121
	2121
	2124
	2127
	2127
	2127
	2127
	2127
	2127
	2130
	2130
	2130
	2133
	2133
	2136
	2136
	2136
	2136
	2139
	2139
	2139
	2142
	2142
	2142
	2145
	2148
	2148
	2148
	2148
	2151
	2151
	2151
	2154
	2154
	2154
	2154
	2154
	2157
	2157
	2157
	2160
	2160
	2160
	2160
	2166
	2166
	2166
	2169
	2169
	2169
	2172
	2172
	2172
	2175
	2175
	2175
	2175
	2175
	2175
	2175
	2178
	2178
	2178
	2178
	2178
	2178
	2181
	2181
	2181
	2181
	2181
	2184
	2184
	2184
	2187
	2190
	2193
	2193
	2196
	2199
	2202
	2202
	2202
	2202
	2202
	2205
	2205
	2205
	2208
	2211
	2211
	2211
	2211
	2211
	2214
	2214
	2214
	2217
	2217
	2223
	2226
	2226
	2226
	2229
	2229
	2229
	2232
	2232
	2232
	2232
	2235
	2235
	2238
	2238
	2238
	2238
	2241
	2241
	2241
	2241
	2241
	2247
	2247
	2247
	2250
	2250
	2253
	2253
	2253
	2256
	2256
	2256
	2256
	2256
	2259
	2259
	2259
	2262
	2262
	2262
	2265
	2265
	2265
	2268
	2268
	2271
	2271
	2274
	2274
	2274
	2274
	2277
	2277
	2277
	2277
	2277
	2283
	2286
	2286
	2289
	2289
	2289
	2292
	2292
	2295
	2295
	2298
	2298
	2298
	2301
	2304
	2304
	2304
	2304
	2307
	2307
	2310
	2310
	2313
	2313
	2313
	2313
	2316
	2316
	2316
	2316
	2319
	2319
	2322
	2322
	2322
	2325
	2325
	2328
	2328
	2328
	2328
	2331
	2331
	2331
	2331
	2331
	2334
	2334
	2334
	2334
	2334
	2337
	2337
	2337
	2340
	2346
	2349
	2352
	2352
	2352
	2352
	2355
	2355
	2358
	2358
	2358
	2361
	2361
	2364
	2364
	2367
	2367
	2370
	2370
	2373
	2373
	2376
	2379
	2379
	2382
	2382
	2382
	2385
	2385
	2385
	2385
	2385
	2385
	2388
	2388
	2388
	2388
	2388
	2391
	2391
	2397
	2400
	2400
	2403
	2406
	2406
	2406
	2409
	2409
	2409
	2409
	2412
	2412
	2415
	2415
	2418
	2418
	2419
	2421
	2421
	2421
	2421
	2421
	2421
	2424
	2424
	2424
	2424
	2427
	2427
	2430
	2433
	2433
	2436
	2436
	2439
	2439
	2439
	2442
	2442
	2442
	2442
	2442
	2442
	2445
	2445
	2448
	2451
	2451
	2451
	2451
	2451
	2451
	2451
	2454
	2454
	2457
	2460
	2466
	2469
	2469
	2469
	2469
	2472
	2475
	2475
	2478
	2478
	2478
	2481
	2484
	2484
	2487
	2487
	2487
	2487
	2490
	2490
	2490
	2493
	2493
	2493
	2493
	2493
	2496
	2496
	2499
	2499
	2499
	2502
	2502
	2502
	2505
	2505
	2505
	2508
	2508
	2511
	2514
	2514
	2517
	2517
	2520
	2520
	2523
	2523
	2523
	2523
	2523
	2526
	2529
	2529
	2529
	2532
	2532
	2535
	2535
	2535
	2538
	2538
	2541
	2541
	2544
	2544
	2544
	2547
	2547
	2550
	2553
	2553
	2556
	2556
	2556
	2556
	2562
	2562
	2562
	2565
	2568
	2571
	2571
	2571
	2571
	2574
	2574
	2574
	2577
	2577
	2577
	2577
	2586
	2586
	2586
	2586
	2586
	2589
	2592
	2595
	2595
	2598
	2601
	2601
	2601
	2601
	2604
	2604
	2604
	2604
	2607
	2607
	2613
	2613
	2613
	2616
	2619
	2619
	2622
	2622
	2622
	2622
	2631
	2631
	2634
	2634
	2637
	2637
	2640
	2643
	2643
	2646
	2649
	2652
	2655
	2655
	2658
	2661
	2664
	2664
	2664
	2667
	2670
	2670
	2670
	2673
	2673
	2676
	2676
	2676
	2682
	2682
	2685
	2685
	2685
	2685
	2688
	2688
	2688
	2694
	2694
	2694
	2700
	2703
	2703
	2706
	2709
	2715
	2721
	2721
	2724
	2724
	2727
	2730
	2733
	2733
	2733
	2735
	2736
	2736
	2736
	2742
	2745
	2748
	2748
	2748
	2751
	2754
	2754
	2757
	2757
	2757
	2760
	2760
	2763
	2763
	2763
	2766
	2766
	2769
	2769
	2772
	2775
	2784
	2787
	2787
	2787
	2790
	2790
	2793
	2793
	2796
	2799
	2799
	2799
	2799
	2805
	2805
	2808
	2808
	2811
	2811
	2811
	2814
	2814
	2823
	2823
	2823
	2826
	2826
	2826
	2829
	2829
	2829
	2835
	2835
	2838
	2838
	2838
	2841
	2841
	2841
	2841
	2841
	2844
	2844
	2844
	2850
	2853
	2856
	2856
	2856
	2856
	2856
	2859
	2859
	2859
	2868
	2868
	2871
	2871
	2874
	2874
	2874
	2877
	2880
	2880
	2886
	2892
	2892
	2895
	2895
	2898
	2898
	2907
	2910
	2916
	2916
	2919
	2919
	2922
	2925
	2925
	2928
	2931
	2931
	2937
	2940
	2940
	2943
	2946
	2946
	2949
	2952
	2952
	2955
	2955
	2964
	2967
	2970
	2970
	2973
	2973
	2973
	2973
	2976
	2976
	2976
	2979
	2979
	2982
	2985
	2985
	2994
	3000
	3003
	3012
	3018
	3018
	3021
	3021
	3024
	3024
	3027
	3027
	3027
	3033
	3036
	3036
	3039
	3039
	3039
	3042
	3045
	3045
	3048
	3051
	3054
	3054
	3057
	3060
	3063
	3063
	3066
	3066
	3066
	3066
	3069
	3072
	3072
	3075
	3078
	3081
	3081
	3084
	3084
	3084
	3090
	3093
	3093
	3096
	3096
	3099
	3102
	3105
	3105
	3105
	3108
	3108
	3111
	3111
	3111
	3112
	3114
	3114
	3120
	3120
	3120
	3123
	3126
	3129
	3138
	3138
	3141
	3141
	3147
	3147
	3150
	3150
	3156
	3159
	3162
	3162
	3162
	3162
	3168
	3168
	3171
	3174
	3186
	3189
	3192
	3195
	3198
	3198
	3198
	3201
	3207
	3210
	3213
	3216
	3216
	3219
	3219
	3219
	3222
	3228
	3231
	3231
	3231
	3237
	3237
	3246
	3246
	3264
	3264
	3267
	3267
	3270
	3276
	3279
	3282
	3282
	3282
	3285
	3288
	3288
	3291
	3291
	3291
	3297
	3297
	3300
	3300
	3309
	3312
	3317
	3318
	3318
	3318
	3324
	3324
	3327
	3330
	3333
	3333
	3333
	3333
	3336
	3336
	3339
	3339
	3342
	3342
	3345
	3348
	3348
	3363
	3363
	3369
	3369
	3372
	3378
	3378
	3381
	3387
	3390
	3393
	3402
	3408
	3411
	3411
	3414
	3420
	3435
	3435
	3438
	3444
	3447
	3456
	3465
	3471
	3474
	3474
	3489
	3489
	3489
	3492
	3492
	3495
	3510
	3510
	3513
	3513
	3519
	3528
	3531
	3537
	3537
	3543
	3546
	3546
	3558
	3561
	3576
	3579
	3582
	3588
	3591
	3591
	3591
	3591
	3597
	3606
	3609
	3612
	3612
	3615
	3621
	3621
	3627
	3630
	3630
	3639
	3645
	3651
	3654
	3660
	3660
	3666
	3672
	3672
	3675
	3684
	3702
	3708
	3708
	3735
	3738
	3744
	3750
	3759
	3765
	3777
	3777
	3804
	3804
	3804
	3834
	3843
	3846
	3849
	3852
	3852
	3855
	3858
	3864
	3885
	3888
	3888
	3891
	3912
	3915
	3918
	3918
	3927
	3927
	3933
	3936
	3945
	3954
	3954
	3957
	3963
	3966
	3975
	3981
	3981
	3981
	3987
	3993
	3993
	3999
	4011
	4011
	4038
	4041
	4047
	4056
	4056
	4059
	4065
	4068
	4071
	4077
	4080
	4086
	4110
	4116
	4119
	4125
	4125
	4158
	4158
	4167
	4197
	4197
	4209
	4221
	4227
	4233
	4236
	4248
	4251
	4254
	4257
	4263
	4263
	4263
	4272
	4281
	4284
	4320
	4341
	4344
	4344
	4350
	4353
	4359
	4359
	4365
	4365
	4368
	4380
	4413
	4413
	4428
	4431
	4431
	4434
	4446
	4452
	4455
	4470
	4470
	4482
	4500
	4506
	4524
	4539
	4545
	4548
	4569
	4584
	4587
	4593
	4608
	4608
	4623
	4629
	4635
	4662
	4695
	4701
	4707
	4731
	4737
	4740
	4764
	4815
	4824
	4827
	4833
	4848
	4857
	4881
	4899
	4902
	4932
	4947
	4947
	4959
	4980
	4980
	4989
	4995
	4998
	5013
	5046
	5049
	5082
	5091
	5121
	5133
	5148
	5187
	5193
	5295
	5313
	5343
	5358
	5364
	5415
	5479
	5505
	5523
	5592
	5652
	5655
	5691
	5694
	5697
	5709
	5715
	5745
	5871
	5898
	5940
	5943
	5946
	6246
	6249
	6255
	6270
	6273
	6288
	6315
	6360
	6375
	6390
	6423
	6459
	6636
	6654
	6702
	6717
	7002
	7140
	7245
	7371
	7416
	7443
	7494
	7908
	8001
	8292
	8946
	9111
	9327
	9375
	9744
	11232
	12126
	14643
snRNA
	19
	49
	159
	174
	243
	458
	836
	1148
	1148
tRNA
	71
	71
	71
	71
	71
	71
	71
	71
	71
	71
	71
	71
	72
	72
	72
	72
	72
	72
	72
	72
	72
	72
	72
	72
	72
	72
	72
	72
	72
	72
	72
	72
	72
	72
	72
	72
	72
	72
	72
	72
	72
	72
	72
	72
	72
	72
	72
	72
	72
	72
	72
	72
	72
	72
	72
	72
	72
	72
	72
	72
	72
	72
	72
	72
	72
	72
	72
	72
	72
	72
	72
	72
	72
	73
	73
	73
	73
	73
	73
	73
	73
	73
	73
	73
	73
	73
	73
	73
	73
	73
	73
	73
	73
	73
	73
	73
	73
	73
	73
	73
	73
	73
	73
	73
	73
	73
	73
	73
	73
	73
	73
	73
	73
	73
	73
	73
	73
	74
	74
	74
	74
	74
	74
	74
	74
	74
	74
	74
	74
	74
	74
	74
	74
	74
	74
	74
	74
	74
	74
	74
	74
	74
	74
	74
	74
	74
	74
	82
	82
	82
	82
	82
	82
	82
	82
	82
	82
	82
	82
	84
	84
	84
	87
	87
	87
	88
	88
	88
	88
	88
	88
	98
	98
	98
	98
	98
	98
	101
	103
	103
	105
	108
	108
	108
	109
	109
	109
	109
	109
	109
	109
	109
	109
	109
	109
	109
	119
	119
	119
	119
	119
	119
	120
	120
	120
	144
	144
Ignored feature types
	gap
	misc_difference
	misc_feature
	source
